# name: debug
# type: sparse matrix
# nnz: 2916
# rows: 54
# columns: 54

1 1 6739813.6
2 1 43024.0042
3 1 783309.953
4 1 71496.5219
5 1 -4078673.09
6 1 878350.523
7 1 -605824.715
8 1 508723.252
9 1 67556.8876
10 1 118400.247
11 1 427524.734
12 1 -525184.419
13 1 -428282.879
14 1 -413413.428
15 1 -8660.86217
16 1 -123730.5
17 1 247086.211
18 1 318059.823
19 1 -72306.4805
20 1 -5619.92345
21 1 -10979.4021
22 1 -3413.33901
23 1 41459.8139
24 1 -4772.88746
25 1 -72752.2552
26 1 -9754.66674
27 1 -12875.9116
28 1 -5081.66584
29 1 46100.9342
30 1 -5202.26769
31 1 -53249.6363
32 1 -6299.56842
33 1 -10635.9353
34 1 -3606.15248
35 1 35172.4345
36 1 -2637.6971
37 1 -23798.2309
38 1 -2814.76231
39 1 -5075.43709
40 1 -2577.95416
41 1 21217.2874
42 1 -3399.33595
43 1 -52481.9834
44 1 -7907.23806
45 1 17879.4848
46 1 -11474.8502
47 1 73580.7216
48 1 -13236.8084
49 1 -67622.3634
50 1 -27822.987
51 1 17902.3896
52 1 -11242.0787
53 1 76830.5521
54 1 12724.1462
1 2 43024.0042
2 2 14678454.8
3 2 -421901.365
4 2 6293667.97
5 2 -70709.6274
6 2 -2720585.05
7 2 509059.01
8 2 -2718378.97
9 2 64172.1427
10 2 -1074098.38
11 2 -118425.928
12 2 1566927.59
13 2 -416733.287
14 2 -1501287.32
15 2 13538.4504
16 2 -557401.164
17 2 126150.042
18 2 747805.475
19 2 -4851.95345
20 2 -134320.045
21 2 2829.55349
22 2 -65542.0757
23 2 2804.21168
24 2 -29916.1863
25 2 -8745.24133
26 2 -154007.413
27 2 2860.23767
28 2 -86025.8075
29 2 3925.59954
30 2 -42953.5806
31 2 -5603.5505
32 2 -123820.552
33 2 694.345831
34 2 -73166.0927
35 2 2835.36723
36 2 -37563.522
37 2 -3419.1357
38 2 -54633.0273
39 2 2734.35107
40 2 -46269.3558
41 2 2670.74669
42 2 -20113.2145
43 2 -8741.65461
44 2 -205399.674
45 2 8773.1514
46 2 -130549.122
47 2 6065.77705
48 2 36476.2152
49 2 -21265.1907
50 2 -141182.097
51 2 3116.19139
52 2 -150953.288
53 2 5622.54667
54 2 8366.32054
1 3 783309.953
2 3 -421901.365
3 3 3258347.51
4 3 -466876.429
5 3 -3364.12795
6 3 -786.894503
7 3 67391.413
8 3 63699.2512
9 3 -315672.218
10 3 86190.0784
11 3 -186925.269
12 3 328.608118
13 3 -17860.5919
14 3 10877.3562
15 3 -171267.411
16 3 -6493.74916
17 3 -42053.2458
18 3 1200.92247
19 3 -22421.6647
20 3 1903.95046
21 3 -18808.9546
22 3 2177.99334
23 3 15744.7627
24 3 -455.412477
25 3 -29677.3288
26 3 1210.57175
27 3 -21793.8922
28 3 1988.53089
29 3 23853.3985
30 3 -497.745874
31 3 -26516.9622
32 3 -491.363264
33 3 -19186.1331
34 3 973.965367
35 3 22276.8915
36 3 -312.207597
37 3 -16251.9416
38 3 2009.23534
39 3 -7361.53851
40 3 2187.11738
41 3 16556.4781
42 3 -896.451613
43 3 -38433.4038
44 3 661.432888
45 3 -41572.2631
46 3 4152.53903
47 3 24177.2557
48 3 -3283.18389
49 3 -43627.9727
50 3 -13491.1149
51 3 -11046.0639
52 3 -5128.05201
53 3 54079.9183
54 3 5926.67896
1 4 71496.5219
2 4 6293667.97
3 4 -466876.429
4 4 3687612.46
5 4 9642.20247
6 4 -1044339.22
7 4 120558.05
8 4 -1080086.66
9 4 85591.1735
10 4 -563746.804
11 4 -7285.48173
12 4 592081.72
13 4 -136436.34
14 4 -580217.156
15 4 -4779.36787
16 4 -256980.017
17 4 21546.0512
18 4 282547.43
19 4 -2119.75585
20 4 -60290.9345
21 4 2451.37858
22 4 -31838.9008
23 4 522.188464
24 4 -12520.5352
25 4 -2960.29228
26 4 -72507.0392
27 4 2397.51033
28 4 -44946.4826
29 4 581.393201
30 4 -21224.841
31 4 -2033.03203
32 4 -56836.1338
33 4 1204.36366
34 4 -38010.21
35 4 465.619742
36 4 -18859.1925
37 4 -1089.13933
38 4 -29521.007
39 4 2046.05208
40 4 -28018.9829
41 4 562.359992
42 4 -11536.2141
43 4 -847.98681
44 4 -127141.585
45 4 7261.74255
46 4 -79899.4286
47 4 1862.07863
48 4 30345.4237
49 4 -13191.462
50 4 -92977.8422
51 4 -94.7379974
52 4 -99608.6016
53 4 -272.629155
54 4 10922.1917
1 5 -4078673.09
2 5 -70709.6274
3 5 -3364.12795
4 5 9642.20247
5 5 3835429.45
6 5 -456262.096
7 5 422548.334
8 5 -120749.788
9 5 -184114.669
10 5 -7400.42468
11 5 -462589.126
12 5 182754.467
13 5 244922.746
14 5 134666.876
15 5 -43574.7546
16 5 20827.9868
17 5 -204648.999
18 5 -95987.714
19 5 43032.7313
20 5 2674.20508
21 5 9847.45738
22 5 909.096272
23 5 -27249.4463
24 5 2818.11596
25 5 47911.8644
26 5 3795.59702
27 5 13664.0763
28 5 1377.78829
29 5 -36157.1829
30 5 2994.70153
31 5 36203.0315
32 5 2529.86969
33 5 11899.2008
34 5 1023.29108
35 5 -29953.8267
36 5 2042.7841
37 5 20961.915
38 5 943.779485
39 5 6264.86032
40 5 551.011975
41 5 -22631.0998
42 5 2489.87551
43 5 50586.289
44 5 1150.43444
45 5 -27711.8104
46 5 5383.215
47 5 -101842.46
48 5 11142.802
49 5 66009.4451
50 5 16158.0212
51 5 -7935.54619
52 5 4554.09175
53 5 -88354.7671
54 5 -5539.94843
1 6 878350.523
2 6 -2720585.05
3 6 -786.894503
4 6 -1044339.22
5 6 -456262.096
6 6 5858793.49
7 6 -517109.996
8 6 1542114.67
9 6 -108.385328
10 6 577416.603
11 6 178356.283
12 6 -1637059.74
13 6 307232.024
14 6 701037.133
15 6 -1865.80959
16 6 240157.599
17 6 -85506.9884
18 6 -911537.548
19 6 -4960.76561
20 6 -37031.0496
21 6 523.431344
22 6 -19075.4973
23 6 3029.93047
24 6 -15807.9746
25 6 -5360.84593
26 6 -53801.6156
27 6 772.797371
28 6 -35503.0099
29 6 3266.41295
30 6 -26341.4425
31 6 -2772.04619
32 6 -46847.3359
33 6 533.715719
34 6 -34023.3066
35 6 2401.41101
36 6 -23712.5467
37 6 -3642.03637
38 6 -27309.3456
39 6 1007.87639
40 6 -27480.6217
41 6 3172.0821
42 6 -14356.378
43 6 -10005.6768
44 6 7455.82168
45 6 6103.32905
46 6 -83647.6957
47 6 8065.90802
48 6 -100186.942
49 6 4305.69101
50 6 -50846.8579
51 6 -318.992906
52 6 -89673.3959
53 6 -2399.47752
54 6 -28786.6815
1 7 -605824.715
2 7 509059.01
3 7 67391.413
4 7 120558.05
5 7 422548.334
6 7 -517109.996
7 7 4884348.64
8 7 -759445.868
9 7 379508.743
10 7 -157690.546
11 7 -3033059.26
12 7 1375580.83
13 7 -186154.117
14 7 -32995.1478
15 7 -22171.1958
16 7 -13274.3327
17 7 136605.712
18 7 -16455.6425
19 7 -64422.4768
20 7 -10393.9531
21 7 -12606.2255
22 7 -5619.23109
23 7 42876.4049
24 7 -7054.42408
25 7 -59177.5355
26 7 -8786.01376
27 7 -8391.38031
28 7 -5093.26171
29 7 42619.0263
30 7 -5034.31262
31 7 -43473.3706
32 7 -5337.90652
33 7 -8490.99564
34 7 -3678.87454
35 7 34081.4164
36 7 -3101.25364
37 7 -24168.6747
38 7 -1120.49171
39 7 -1712.00171
40 7 -1060.20957
41 7 19498.859
42 7 -1991.0125
43 7 -16063.8349
44 7 -1712.68971
45 7 -717.291105
46 7 -1408.89579
47 7 14709.3024
48 7 -1037.67843
49 7 -14044.0237
50 7 -3505.75645
51 7 -570.680783
52 7 -2954.43786
53 7 14328.7165
54 7 -2183.57403
1 8 508723.252
2 8 -2718378.97
3 8 63699.2512
4 8 -1080086.66
5 8 -120749.788
6 8 1542114.67
7 8 -759445.868
8 8 10909808.9
9 8 -418145.02
10 8 4722876.78
11 8 157083.368
12 8 -2378437.21
13 8 -30939.7429
14 8 -679610.227
15 8 21977.7333
16 8 -285958.293
17 8 11716.7557
18 8 126894.293
19 8 -9483.25939
20 8 -143743.979
21 8 3559.9777
22 8 -83676.4185
23 8 4497.61684
24 8 -48394.7568
25 8 -8004.90908
26 8 -127824.247
27 8 1978.34343
28 8 -84680.1006
29 8 3963.0926
30 8 -44088.0343
31 8 -4741.81584
32 8 -103725.612
33 8 838.104661
34 8 -75081.117
35 8 2941.06642
36 8 -40466.4976
37 8 -1750.56874
38 8 -43369.4437
39 8 1653.25087
40 8 -31848.9078
41 8 1345.9988
42 8 -8578.02389
43 8 -1399.68585
44 8 -31630.2555
45 8 841.830474
46 8 -28012.5869
47 8 777.279711
48 8 -6040.89323
49 8 -2114.39053
50 8 -30653.6537
51 8 3504.55331
52 8 -32051.4015
53 8 1060.89631
54 8 -5231.70874
1 9 67556.8876
2 9 64172.1427
3 9 -315672.218
4 9 85591.1735
5 9 -184114.669
6 9 -108.385328
7 9 379508.743
8 9 -418145.02
9 9 2439533.94
10 9 -523460.89
11 9 160074.881
12 9 607.178392
13 9 -26848.5745
14 9 21797.5
15 9 -88220.3774
16 9 21235.8576
17 9 2359.92433
18 9 -263.590795
19 9 -24887.2931
20 9 2251.40413
21 9 -21950.0424
22 9 2787.83692
23 9 23621.391
24 9 -542.209401
25 9 -23735.6782
26 9 575.481049
27 9 -18870.6223
28 9 1756.12217
29 9 24810.6084
30 9 -494.290018
31 9 -23126.0897
32 9 -117.104445
33 9 -16757.3108
34 9 1388.8291
35 9 25040.442
36 9 -485.672414
37 9 -12776.6453
38 9 1441.6293
39 9 -4526.66327
40 9 1385.02711
41 9 10735.2371
42 9 -604.970124
43 9 -11191.2363
44 9 -346.372989
45 9 -2756.89839
46 9 92.2548153
47 9 10809.3249
48 9 -404.714199
49 9 -12681.4846
50 9 516.016478
51 9 -2277.27799
52 9 802.904905
53 9 13738.2224
