# name: debug
# type: sparse matrix
# nnz: 2304
# rows: 48
# columns: 48

1 1 5.80276826e+11
2 1 2364235.05
3 1 -130160.873
4 1 135956.775
5 1 -228003.177
6 1 -660103.968
7 1 -0.0178659582
8 1 -0.164938561
9 1 -0.0363111253
10 1 -0.092322497
11 1 0.00510804774
12 1 0.0175824403
13 1 0.0184354456
14 1 -0.0553329725
15 1 -0.0126378179
16 1 -0.0515795683
17 1 0.00463585685
18 1 -0.126054233
19 1 0.000189560876
20 1 -0.00398887548
21 1 -0.00251428864
22 1 -0.00205354919
23 1 -2.50038529e-05
24 1 -0.000411473
25 1 0.00136717962
26 1 -0.00676586682
27 1 -0.00269725323
28 1 -0.00132894081
29 1 -2.53615127e-05
30 1 -0.000622258275
31 1 0.00123693936
32 1 -0.00415398396
33 1 -0.00040226891
34 1 -0.000337395688
35 1 -2.11318989e-05
36 1 -0.000885038015
37 1 0.00136884575
38 1 -0.00375775571
39 1 -0.000416839889
40 1 -0.00028054919
41 1 -1.36451536e-05
42 1 -0.000782701464
43 1 0.00213657352
44 1 -0.00565581775
45 1 -0.000100459427
46 1 -0.00014195937
47 1 -2.11887752e-05
48 1 -0.00131114722
1 2 2364235.05
2 2 5.80290015e+11
3 2 -491142.776
4 2 2958310.23
5 2 -3.27442292e-10
6 2 -4339273.56
7 2 -0.0395639791
8 2 -1.54389087
9 2 -0.225560454
10 2 -1.28451231
11 2 -0.00706912674
12 2 0.170709439
13 2 0.160528916
14 2 -0.641958801
15 2 -0.0668455528
16 2 -0.368501547
17 2 0.0029505949
18 2 -1.30779851
19 2 -0.000685398569
20 2 -0.0380128787
21 2 -0.00880418156
22 2 -0.00583587095
23 2 -1.87337312e-05
24 2 0.00100490296
25 2 0.00464626996
26 2 -0.0328837765
27 2 -0.0101127075
28 2 -0.00686291054
29 2 -1.64225101e-05
30 2 -0.00345204514
31 2 0.00612351617
32 2 -0.0313811978
33 2 -0.00262509218
34 2 -0.00241979766
35 2 1.89201762e-05
36 2 -0.00783617353
37 2 0.0060734552
38 2 -0.0203198208
39 2 -0.00226875338
40 2 -0.00158165936
41 2 2.21707603e-06
42 2 -0.00415368873
43 2 0.00950578802
44 2 -0.0299879453
45 2 -0.00112730321
46 2 -0.00118038816
47 2 6.52147247e-06
48 2 -0.00727022567
1 3 -130160.873
2 3 -491142.776
3 3 5.80276493e+11
4 3 425101.691
5 3 327067.439
6 3 -135956.775
7 3 0.0114406052
8 3 -0.0720650984
9 3 -0.016319488
10 3 -0.106396524
11 3 -0.00646736841
12 3 0.00356649841
13 3 0.0142903961
14 3 -0.0300006132
15 3 -0.000371186981
16 3 -0.0248555428
17 3 -0.00589278796
18 3 -0.0868530647
19 3 0.00023583484
20 3 0.00392492313
21 3 0.00172052131
22 3 0.00111180043
23 3 -2.12919541e-05
24 3 4.56571446e-05
25 3 -0.000748612702
26 3 0.00489372074
27 3 0.0020599274
28 3 0.000969564271
29 3 -3.02149881e-05
30 3 0.000415023627
31 3 -0.000709187686
32 3 0.00259966113
33 3 0.00048091635
34 3 0.000236250325
35 3 -4.22066497e-05
36 3 0.000531046504
37 3 -0.000943002789
38 3 0.002759509
39 3 0.000459173389
40 3 0.00022612827
41 3 -1.86237269e-05
42 3 0.000568201253
43 3 -0.00134095816
44 3 0.00372110926
45 3 0.000305009473
46 3 0.000135108085
47 3 -3.24932067e-05
48 3 0.000866975434
1 4 135956.775
2 4 2958310.23
3 4 425101.691
4 4 5.80277854e+11
5 4 39774.5415
6 4 -1875189.55
7 4 -0.00241469781
8 4 -0.682275003
9 4 -0.109201358
10 4 -0.828875181
11 4 -0.00438924331
12 4 0.0619185921
13 4 0.085598601
14 4 -0.276155889
15 4 -0.0268702902
16 4 -0.171188624
17 4 0.0013289661
18 4 -0.722193631
19 4 -4.21622107e-05
20 4 0.00188572114
21 4 0.00106897198
22 4 0.00116195329
23 4 5.98186918e-06
24 4 0.000251920724
25 4 -0.000423761239
26 4 0.0031472285
27 4 0.000964246201
28 4 0.00065913044
29 4 6.0255474e-07
30 4 0.000321354541
31 4 -0.000544524247
32 4 0.00284512635
33 4 0.00024923462
34 4 0.000228473308
35 4 -2.45534042e-06
36 4 0.000706476146
37 4 -0.000584806102
38 4 0.00197372054
39 4 0.000230846237
40 4 0.000159882415
41 4 -7.7796362e-07
42 4 0.000402315761
43 4 -0.00086170886
44 4 0.00288803853
45 4 0.000129287008
46 4 0.000149258718
47 4 -1.53746576e-06
48 4 0.000742473976
1 5 -228003.177
2 5 -3.27442292e-10
3 5 327067.439
4 5 39774.5415
5 5 5.80275896e+11
6 5 25466.8368
7 5 0.00494992917
8 5 0.00473865842
9 5 0.00031344554
10 5 0.00294494713
11 5 -0.0106204442
12 5 -0.00238671338
13 5 0.000550623606
14 5 -0.00014383134
15 5 0.00248913375
16 5 0.002280162
17 5 -0.00731203223
18 5 -0.0008588583
19 5 1.1434101e-05
20 5 5.08111266e-06
21 5 -5.91484697e-06
22 5 5.74970946e-06
23 5 -1.6357009e-05
24 5 1.59235738e-06
25 5 2.49826783e-05
26 5 1.22051295e-05
27 5 1.78447599e-05
28 5 3.11331175e-06
29 5 -6.90197921e-06
30 5 -4.39966826e-07
31 5 1.18981524e-05
32 5 -1.38357793e-05
33 5 3.09136878e-05
34 5 2.57066868e-07
35 5 -9.1060645e-06
36 5 -4.51599067e-06
37 5 6.62058316e-06
38 5 -1.08798613e-06
39 5 1.68919041e-05
40 5 1.01399423e-06
41 5 -3.59334075e-06
42 5 -6.12291717e-07
43 5 6.23428721e-06
44 5 -5.03758345e-06
45 5 2.70819148e-05
46 5 1.73967973e-06
47 5 -6.73563885e-06
48 5 -1.38907733e-06
1 6 -660103.968
2 6 -4339273.56
3 6 -135956.775
4 6 -1875189.55
5 6 25466.8368
6 6 5.80279396e+11
7 6 0.0108216516
8 6 0.542435971
9 6 0.0876924342
10 6 1.35254065
11 6 0.00310184568
12 6 -0.320980397
13 6 -0.125947906
14 6 0.357231216
15 6 0.0507181013
16 6 0.323026552
17 6 -0.00246646614
18 6 1.02177694
19 6 -0.00038013101
20 6 -0.000389791077
21 6 0.00196914892
22 6 0.0029615453
23 6 4.84792099e-06
24 6 0.00111268362
25 6 -0.000636698107
26 6 0.00471491641
27 6 0.00134759188
28 6 0.00101520168
29 6 2.87288327e-06
30 6 0.000552538451
31 6 -0.000846418305
32 6 0.0049765917
33 6 0.000352649162
34 6 0.000357503851
35 6 -2.98838542e-06
36 6 0.00134075074
37 6 -0.000799587334
38 6 0.00264785756
39 6 0.000291514233
40 6 0.000203487939
41 6 1.51985359e-07
42 6 0.000542752723
43 6 -0.0012916665
44 6 0.00412337009
45 6 0.000144491177
46 6 0.0001755926
47 6 -2.05723294e-07
48 6 0.0010394802
1 7 -0.0178659582
2 7 -0.0395639791
3 7 0.0114406052
4 7 -0.00241469781
5 7 0.00494992917
6 7 0.0108216516
7 7 5.80277174e+11
8 7 3171700.68
9 7 -159843.199
10 7 51397.7012
11 7 -201044.111
12 7 -653685.419
13 7 0.00631843628
14 7 -0.0352609054
15 7 -0.0149693232
16 7 -0.0329011188
17 7 0.0072470109
18 7 -0.0481722457
19 7 0.000513385319
20 7 -0.0049277909
21 7 -0.00534527842
22 7 -0.00462555028
23 7 -2.8399716e-05
24 7 -0.00129294874
25 7 0.00149669387
26 7 -0.00915592498
27 7 -0.00342717165
28 7 -0.00182492991
29 7 1.34984071e-05
30 7 -0.000784727602
31 7 0.00196125193
32 7 -0.00650463578
33 7 -0.000935702502
34 7 -0.000605445323
35 7 2.15518107e-05
36 7 -0.0013346962
37 7 0.00244516891
38 7 -0.00654071783
39 7 -0.000911773327
40 7 -0.000512933456
41 7 1.10238965e-05
42 7 -0.00135156388
43 7 0.00247852594
44 7 -0.0162060711
45 7 -0.00573306858
46 7 -0.00277661038
47 7 -4.02371666e-05
48 7 -0.0014912927
1 8 -0.164938561
2 8 -1.54389087
3 8 -0.0720650984
4 8 -0.682275003
5 8 0.00473865842
6 8 0.542435971
7 8 3171700.68
8 8 5.80292238e+11
9 8 27347.8513
10 8 2582442.16
11 8 8.33561399e-09
12 8 -2168312.15
13 8 0.155038958
14 8 -0.592929187
15 8 -0.0864915129
16 8 -0.41151083
17 8 0.0112374388
18 8 -1.14414024
19 8 -0.00372180073
20 8 -0.10023123
21 8 -0.0104850719
22 8 -0.0027924535
23 8 -0.000100614114
24 8 0.00726436926
25 8 0.00551819233
26 8 -0.0484479741
27 8 -0.0126255946
28 8 -0.00976096157
29 8 -1.13939737e-05
30 8 -0.00405106917
31 8 0.00945228001
32 8 -0.0418712185
33 8 -0.00446357964
34 8 -0.00399992973
35 8 2.75691007e-05
36 8 -0.00890619599
37 8 0.0095194516
38 8 -0.0310906338
39 8 -0.0036354211
40 8 -0.00262789905
41 8 8.70840725e-06
42 8 -0.00632857784
43 8 0.0106694332
44 8 -0.0704904036
45 8 -0.0174624997
46 8 -0.010954226
47 8 -8.9111607e-05
48 8 -0.00877868321
1 9 -0.0363111253
2 9 -0.225560454
3 9 -0.016319488
4 9 -0.109201358
5 9 0.00031344554
6 9 0.0876924342
7 9 -159843.199
8 9 27347.8513
9 9 5.8027689e+11
10 9 734879.016
11 9 159947.242
12 9 -51397.7012
13 9 0.0328437961
14 9 -0.0879241351
15 9 -0.0173150983
16 9 -0.0817605801
17 9 0.000226291935
18 9 -0.199554105
19 9 0.00238473341
20 9 0.011205977
21 9 -0.00436907636
22 9 -0.00617926646
23 9 -6.79188145e-06
24 9 -0.00327312056
25 9 0.000783107907
26 9 -0.00276829574
27 9 -0.000988118601
28 9 -0.000541746505
29 9 -5.45979612e-05
30 9 -0.000271651801
31 9 0.000851232498
32 9 -0.00231031635
33 9 -8.79395983e-05
