# name: debug
# type: sparse matrix
# nnz: 17424
# rows: 132
# columns: 132

1 1 590101470
2 1 -624957.806
3 1 -185935.799
4 1 -3069346.03
5 1 -3337888.23
6 1 754092.742
7 1 -4393.89665
8 1 7476.85269
9 1 -387.025514
10 1 807245.764
11 1 1626426.29
12 1 488788.522
13 1 -4449.00599
14 1 6217.52348
15 1 -316.298803
16 1 10146.8888
17 1 68.442798
18 1 -16724.8494
19 1 -919.601784
20 1 -230.933677
21 1 -198.70833
22 1 284.737674
23 1 26.3216665
24 1 -4259.50096
25 1 -785.247556
26 1 178.936084
27 1 -222.124125
28 1 1155.62293
29 1 54.6488625
30 1 -4579.67891
31 1 -848.362753
32 1 -1163.25069
33 1 -218.939705
34 1 1207.6943
35 1 22.3768351
36 1 -3774.37776
37 1 -497.732738
38 1 -1328.5829
39 1 -248.000395
40 1 1298.59656
41 1 52.4572517
42 1 -3321.67263
43 1 -393.245505
44 1 -403.996832
45 1 -192.918185
46 1 0.926181985
47 1 72.0670131
48 1 -1863.54808
49 1 -304.720299
50 1 -217.152712
51 1 -186.768425
52 1 623.386461
53 1 15.2893511
54 1 -744.490066
55 1 -339.031077
56 1 -430.161562
57 1 -228.772601
58 1 696.401639
59 1 -22.8030116
60 1 -907.49512
61 1 -351.362904
62 1 -667.1945
63 1 -244.04414
64 1 1265.84295
65 1 5.76844662
66 1 -1512.99812
67 1 -36.4290645
68 1 26.8153167
69 1 -20.7414142
70 1 -3.14344133
71 1 6.89763104
72 1 -25.8450624
73 1 -42.5554823
74 1 -51.598735
75 1 -5.67810061
76 1 -58.5908255
77 1 13.7543492
78 1 -228.279198
79 1 -21.2379489
80 1 -104.868997
81 1 -10.8709238
82 1 153.281481
83 1 13.1260718
84 1 -218.691789
85 1 -10.2485551
86 1 12.8418117
87 1 0.0448287485
88 1 -39.3797746
89 1 11.1589422
90 1 -1.6974567
91 1 -8.27037824
92 1 -50.9488752
93 1 -3.4000023
94 1 69.4191
95 1 26.6057302
96 1 -163.613398
97 1 -11.4463527
98 1 -0.130467878
99 1 -4.45886973
100 1 7.07077245
101 1 1.43487702
102 1 -13.6098438
103 1 -20.5665538
104 1 -141.584405
105 1 -13.6002291
106 1 200.925929
107 1 16.3178873
108 1 -267.891019
109 1 -16.5672828
110 1 -70.1563284
111 1 -5.37191437
112 1 100.654124
113 1 4.53772371
114 1 -107.334257
115 1 -1.61281544
116 1 -6.82250605
117 1 1.36319597
118 1 17.1139542
119 1 -0.660278585
120 1 -10.5606139
121 1 -6.49442865
122 1 -45.2536523
123 1 -2.73812996
124 1 51.4273488
125 1 -1.32126871
126 1 -57.1500518
127 1 -0.812291651
128 1 11.5587289
129 1 1.24230013
130 1 -4.14369845
131 1 -0.115977533
132 1 9.93491739
1 2 -624957.806
2 2 625426093
3 2 -981183.174
4 2 43799697.9
5 2 -19.3838039
6 2 38199211.8
7 2 8046.16732
8 2 -80203.4241
9 2 -634.359471
10 2 -21891414.5
11 2 -78256.7874
12 2 -7470641.5
13 2 7015.50644
14 2 -58681.0733
15 2 1442.81023
16 2 -16955.283
17 2 222.484996
18 2 -51438.8678
19 2 -125.955093
20 2 -31035.622
21 2 373.394874
22 2 2568.97158
23 2 5.82701036
24 2 -53569.6445
25 2 345.419446
26 2 -35633.3352
27 2 1199.07264
28 2 8225.81762
29 2 -26.0393103
30 2 -73050.1743
31 2 -1024.77256
32 2 -26031.4868
33 2 416.950202
34 2 4708.74037
35 2 -48.8529603
36 2 -54026.8236
37 2 -1181.76461
38 2 -18785.1317
39 2 214.089561
40 2 -124.549242
41 2 -101.133867
42 2 -38125.3774
43 2 -444.225235
44 2 -19639.3476
45 2 868.907315
46 2 -756.778306
47 2 -60.5800839
48 2 -39232.8716
49 2 -12.1151797
50 2 -12291.562
51 2 589.10928
52 2 1776.15043
53 2 -8.36684724
54 2 -16131.5595
55 2 -235.353554
56 2 -13564.5016
57 2 183.163712
58 2 10167.6707
59 2 -23.6443736
60 2 -21900.5697
61 2 -305.54711
62 2 -15253.4448
63 2 508.145397
64 2 5389.88939
65 2 -42.4756783
66 2 -19801.4537
67 2 42.3876095
68 2 -3328.58574
69 2 -2.35183533
70 2 2431.36911
71 2 -3.23159737
72 2 -5244.59911
73 2 -117.979082
74 2 -2921.30986
75 2 81.9070031
76 2 959.142842
77 2 -26.4113158
78 2 -5250.26243
79 2 -61.5714097
80 2 -2525.90047
81 2 -48.6934477
82 2 614.330212
83 2 -23.9314421
84 2 -3916.4057
85 2 1.39501634
86 2 -788.171567
87 2 47.063973
88 2 -1926.95718
89 2 -7.4514593
90 2 -452.637572
91 2 -41.9691226
92 2 -1704.58245
93 2 -15.9055324
94 2 -30.6519398
95 2 -36.1412683
96 2 -3511.71209
97 2 -1.09431984
98 2 -692.852827
99 2 -27.1767185
100 2 -260.572161
101 2 -4.27608867
102 2 -550.977149
103 2 -93.1193832
104 2 -1944.51384
105 2 -93.4151448
106 2 287.262663
107 2 -53.9714583
108 2 -2660.52675
109 2 -25.5064373
110 2 -1312.24221
111 2 -55.9820272
112 2 -776.064241
113 2 -14.227437
114 2 -620.009716
115 2 -5.07954895
116 2 -308.375201
117 2 -29.7452528
118 2 98.2633014
119 2 0.0999898316
120 2 -205.692058
121 2 -22.2247433
122 2 -231.304915
123 2 -29.5223886
124 2 78.1980456
125 2 -3.55676476
126 2 -208.41096
127 2 2.39023432
128 2 -142.977949
129 2 -15.4779587
130 2 -18.4247827
131 2 1.03509919
132 2 -87.9451597
1 3 -185935.799
2 3 -981183.174
3 3 590018265
4 3 541218.7
5 3 -2931263.77
6 3 3069365.41
7 3 -380.84656
8 3 -232.032215
9 3 -3112.72092
10 3 -2631721.32
11 3 532552.003
12 3 -833492.396
13 3 -305.941036
14 3 1747.66036
15 3 -2743.61008
16 3 7584.83634
17 3 349.925905
18 3 -13616.3003
19 3 -68.6127509
20 3 429.830586
21 3 -714.277067
22 3 3209.29588
23 3 335.087749
24 3 -149.712082
25 3 -131.392051
26 3 1268.96561
27 3 -759.869028
28 3 3253.19411
29 3 510.642765
30 3 -916.940475
31 3 31.0304375
32 3 599.402315
33 3 -505.681875
34 3 1651.8034
35 3 347.403258
36 3 -235.561588
37 3 -38.4828766
38 3 385.890972
39 3 -313.133829
40 3 1785.49266
41 3 245.73233
42 3 35.7674253
43 3 -29.4383453
44 3 847.627782
45 3 -318.305841
46 3 1421.53132
47 3 260.350276
48 3 592.533439
49 3 -26.3172326
50 3 427.95183
51 3 -237.681791
52 3 1436.95142
53 3 130.951779
54 3 -367.354079
55 3 -9.42620633
56 3 161.857666
57 3 -218.595117
58 3 893.88954
59 3 177.382342
60 3 -142.22599
61 3 -25.3717816
62 3 371.539742
63 3 -296.72431
64 3 1977.64894
65 3 172.436503
66 3 -456.457413
67 3 16.0948148
68 3 2.68907859
69 3 -38.8034609
70 3 -69.100646
71 3 51.0401575
72 3 -1.51585626
73 3 35.6851445
74 3 89.8593883
75 3 -38.6367512
76 3 77.8722867
77 3 49.6770105
78 3 228.231124
79 3 8.39463783
80 3 -15.565296
81 3 -29.1745054
82 3 18.1405515
83 3 40.6148722
84 3 11.3583755
85 3 3.07542522
86 3 15.7977993
87 3 -20.4049124
88 3 79.8875939
89 3 3.90251622
90 3 29.7179113
91 3 9.38939431
92 3 14.4017074
93 3 -28.7817329
94 3 -7.56693401
95 3 41.9931937
96 3 58.3530707
97 3 2.04335046
98 3 -14.0507918
99 3 -12.3769404
100 3 -24.142405
101 3 6.75591023
102 3 10.9656683
103 3 10.1957714
104 3 -21.2572342
105 3 -27.9086967
106 3 -50.6238644
107 3 45.8261078
108 3 42.4172618
109 3 0.979096282
110 3 -33.8521786
111 3 -19.2750744
112 3 -4.49834334
113 3 15.6631915
114 3 -22.4088663
115 3 0.799088989
116 3 -14.7483066
117 3 -5.73189068
118 3 -25.0718483
119 3 3.02943292
120 3 -1.22340077
121 3 -1.09285673
122 3 -22.1876687
123 3 -6.02720565
124 3 -1.06478021
125 3 2.65182246
126 3 -16.1225063
127 3 -0.0166276935
128 3 -2.22990729
129 3 -5.24389072
130 3 -25.8855707
131 3 1.54013418
132 3 9.12481306
1 4 -3069346.03
2 4 43799697.9
3 4 541218.7
4 4 1.92745917e+09
5 4 -5422087.24
6 4 415411587
7 4 42632.2846
8 4 -631256.387
9 4 -77579.6914
10 4 -1.18016375e+09
11 4 -436506.834
12 4 -400534306
13 4 14108.3549
14 4 -34248.3512
15 4 8259.945
16 4 -204754.75
17 4 801.465095
18 4 101618.405
19 4 111.350686
20 4 -5271.39969
21 4 3404.78418
22 4 -77006.3976
23 4 -105.511038
24 4 -23132.8706
25 4 981.108191
26 4 -11591.2718
27 4 3473.81048
28 4 -79256.8761
29 4 -64.9049764
30 4 -3617.37322
31 4 273.217524
32 4 -7384.27333
33 4 1720.53945
34 4 -42869.069
35 4 -94.0614952
36 4 -105.624739
37 4 -31.5478343
38 4 -9762.74475
39 4 1814.75233
40 4 -32490.2464
41 4 -109.017781
42 4 -13488.5587
43 4 -544.980558
44 4 -11695.7878
45 4 1534.47516
46 4 -32928.6808
47 4 -140.60969
48 4 -19305.7278
49 4 402.141563
50 4 -3903.86002
51 4 1556.29592
52 4 -29464.188
53 4 -9.69865343
54 4 7736.53426
55 4 153.489434
56 4 688.823857
57 4 933.488519
58 4 -23544.9985
59 4 -40.7844678
60 4 5627.54209
61 4 472.434772
62 4 -2517.5697
63 4 2093.97222
64 4 -35239.5558
65 4 -19.4676764
66 4 9319.67019
67 4 8.6973253
68 4 -908.469533
69 4 -45.5883487
70 4 -3278.05532
71 4 -18.281329
72 4 -1709.6663
73 4 -228.20355
74 4 -1651.1529
75 4 111.242481
76 4 -3532.82005
77 4 -56.2228278
78 4 -4253.30523
79 4 -15.760373
80 4 -1240.30263
81 4 27.5845795
82 4 -2782.66259
83 4 -29.5935701
84 4 -2040.1099
85 4 -26.0863901
86 4 -1064.20789
87 4 90.799688
88 4 -3072.08784
89 4 -16.037048
90 4 -603.433802
91 4 -60.9747771
92 4 -604.309086
93 4 35.7828747
94 4 -4548.94468
95 4 -66.6555212
96 4 -4296.02606
97 4 -9.41783639
98 4 1117.38411
99 4 0.132571845
100 4 -4507.52171
101 4 -16.7210282
102 4 385.956185
103 4 -68.1273317
104 4 -2.44416137
105 4 -26.4687994
106 4 -4222.49529
107 4 -78.9107327
108 4 -1454.36564
109 4 19.3730085
110 4 2167.9735
111 4 32.8532599
112 4 -7991.4247
113 4 -28.1456634
114 4 2025.94992
115 4 2.66516519
116 4 1182.95129
117 4 -11.042749
118 4 -2404.28354
119 4 -5.87141258
120 4 881.961652
121 4 11.4391647
122 4 110.645034
123 4 -5.96405294
124 4 -291.376008
125 4 0.354085181
126 4 209.134353
127 4 -8.38107531
128 4 57.6636532
129 4 -24.6403637
130 4 -243.179793
131 4 -0.8230675
132 4 141.66951
1 5 -3337888.23
2 5 -19.3838039
3 5 -2931263.77
4 5 -5422087.24
5 5 710543308
6 5 12678511.8
7 5 6002.01698
8 5 96.7514512
9 5 2298.19909
10 5 4595050.97
11 5 -98167552.2
12 5 -12402351.8
13 5 132.707819
14 5 -234.061806
15 5 389.137132
16 5 161.952233
17 5 -4507.15357
18 5 1009.19025
19 5 -17.2003533
20 5 -30.4135839
21 5 316.148557
22 5 155.605061
23 5 -1579.55591
24 5 132.021679
25 5 -74.4752556
26 5 -18.0771687
27 5 483.365974
28 5 -47.6704749
29 5 -2645.99797
30 5 371.37311
31 5 -19.1928506
32 5 26.5322512
33 5 338.713991
34 5 -19.5964818
35 5 -1186.94263
36 5 101.380747
37 5 6.31111659
38 5 77.9495056
39 5 243.247223
40 5 -87.6662564
41 5 -848.252058
42 5 179.201197
43 5 0.334909554
44 5 17.1508851
45 5 252.574233
46 5 42.1340021
47 5 -907.236246
48 5 119.971774
49 5 -24.5584283
50 5 0.176184401
51 5 136.691178
52 5 15.2988935
53 5 -544.053686
54 5 26.3764053
55 5 -73.1529003
56 5 2.25115075
57 5 183.886538
58 5 19.7007486
59 5 -610.122566
60 5 9.71283929
61 5 -60.7122975
62 5 37.5498362
63 5 180.064383
64 5 -50.2913112
65 5 -685.269299
66 5 100.247646
67 5 -26.6529791
68 5 -13.4177247
69 5 48.0269023
70 5 31.830698
71 5 -167.944292
72 5 -12.0721581
73 5 -16.5557595
74 5 -1.3186004
75 5 41.624848
76 5 30.0968775
77 5 -155.177693
78 5 25.7672285
79 5 -17.7380919
80 5 14.1818311
81 5 40.4048569
82 5 -13.2269491
83 5 -137.183654
84 5 29.1013864
85 5 6.72139963
86 5 0.681231317
87 5 2.08055787
88 5 13.1426107
89 5 -21.7066821
90 5 5.10491856
91 5 -19.4419351
92 5 13.6446372
93 5 39.0197748
94 5 -9.80728276
95 5 -165.1853
96 5 45.8459248
97 5 -11.9302251
98 5 -4.55091402
99 5 8.67836334
100 5 14.9564666
101 5 -47.1454514
102 5 -0.365840665
103 5 -32.0778118
104 5 44.9195177
105 5 50.1998088
106 5 -55.448232
107 5 -167.166085
108 5 87.0428972
109 5 -28.601592
110 5 13.3076491
111 5 23.5102759
112 5 -4.3732976
113 5 -99.270027
114 5 24.3278869
115 5 -11.3009129
116 5 -2.9073441
117 5 6.3980054
118 5 5.92972088
119 5 -26.0285014
120 5 -2.43977887
121 5 -1.79322696
122 5 11.0211692
123 5 5.12397961
124 5 -11.7365507
125 5 -8.71624094
126 5 12.3903178
127 5 -1.62314664
128 5 -4.31767637
129 5 2.41251105
130 5 4.76316738
131 5 -5.00958575
132 5 -4.98436097
1 6 754092.742
2 6 38199211.8
3 6 3069365.41
4 6 415411587
5 6 12678511.8
6 6 869602933
7 6 -3113.55635
8 6 -236907.081
9 6 -39891.6803
10 6 -393002623
11 6 -13131389.3
12 6 -135832579
13 6 -17840.4643
14 6 -54065.1784
15 6 -10534.2753
16 6 124715.709
17 6 -797.796137
18 6 -662647.401
19 6 -4357.6229
20 6 -50664.1713
21 6 -173.423309
22 6 4218.64062
23 6 -200.439225
24 6 -192848.889
25 6 -4881.89126
26 6 -75321.9267
27 6 -1226.50327
28 6 93562.5084
29 6 -540.817488
30 6 -315344.572
31 6 -3662.18919
32 6 -56055.6808
33 6 -1195.19308
34 6 48139.5277
35 6 -111.788094
36 6 -151908.422
37 6 -3240.80684
38 6 -38157.5864
39 6 -1250.06239
40 6 29511.444
41 6 -227.729281
42 6 -99565.1619
43 6 -1714.06047
44 6 -38315.5383
45 6 23.7384881
46 6 28557.2121
47 6 -117.110941
48 6 -102404.891
49 6 -688.388441
50 6 -22807.2306
51 6 -606.03025
52 6 37717.0849
53 6 -28.5754233
54 6 -50637.7381
55 6 -805.950924
56 6 -30310.7055
57 6 -625.560539
58 6 47240.8277
59 6 -43.5933613
60 6 -60806.3035
61 6 -1439.17498
62 6 -30255.5339
63 6 -1194.78486
64 6 51002.3217
65 6 -125.993219
66 6 -60774.0506
67 6 14.8587323
68 6 -7254.43447
69 6 30.7739307
70 6 11366.471
71 6 -1.50661125
72 6 -13958.3321
73 6 -181.918029
74 6 -5851.14425
75 6 86.5988574
76 6 7573.68104
77 6 -31.4012972
78 6 -12013.5255
79 6 -199.678232
80 6 -5189.37668
81 6 -124.189477
82 6 6578.25451
83 6 -51.8740234
84 6 -10187.4153
85 6 6.08904712
86 6 -335.918868
87 6 34.9855259
88 6 -302.20789
89 6 -0.498810802
90 6 -527.347119
91 6 -138.006735
92 6 -3518.13985
93 6 -45.6012709
94 6 4141.96635
95 6 -76.206258
96 6 -8058.50111
97 6 -7.11049756
98 6 -1597.95199
99 6 -15.1759638
100 6 2453.97473
101 6 -0.00432845107
102 6 -1445.63496
103 6 -257.699138
104 6 -4523.66974
105 6 -153.393882
106 6 5892.45383
107 6 -115.927998
108 6 -7114.84947
109 6 -108.66982
110 6 -3312.58858
111 6 -103.438986
112 6 4577.47387
113 6 -27.244203
114 6 -3262.851
115 6 -10.271055
116 6 -1012.05867
117 6 -22.3107919
118 6 1412.02742
119 6 1.52705598
120 6 -853.321347
121 6 -59.5039799
122 6 -563.325422
123 6 -44.6532472
124 6 526.607308
125 6 -10.9398037
126 6 -658.746619
127 6 13.446221
128 6 -296.987941
129 6 4.32371964
130 6 247.979264
131 6 3.16917993
132 6 -303.497698
1 7 -4393.89665
2 7 8046.16732
3 7 -380.84656
4 7 42632.2846
5 7 6002.01698
6 7 -3113.55635
7 7 590853632
8 7 -423265.026
9 7 -422136.329
10 7 -2392015.68
11 7 -1359411.91
12 7 3960288.38
13 7 -8366.25934
14 7 7273.00644
15 7 -314.152151
16 7 9959.46492
17 7 -19.7088204
18 7 -27905.5649
19 7 -4003.35657
20 7 -3582.05821
21 7 -428.606235
22 7 3977.94511
23 7 -109.435992
24 7 -19597.8977
25 7 -2093.30835
26 7 -827.856497
27 7 127.686324
28 7 -656.663025
29 7 -11.7132518
30 7 -8255.71988
31 7 -2456.26185
32 7 -5198.63859
33 7 -478.51926
34 7 4468.51675
35 7 -63.3737503
36 7 -15341.0127
37 7 -1588.47159
38 7 -2528.91674
39 7 -427.657521
40 7 1730.13284
41 7 -62.9016888
42 7 -8489.86413
43 7 -1334.51918
44 7 -3573.47123
45 7 -569.628331
46 7 4537.64774
47 7 -76.0388776
48 7 -10262.9607
49 7 -936.757844
50 7 -2750.31461
51 7 -439.720229
52 7 5275.27285
53 7 -96.0697089
54 7 -7052.54886
55 7 -907.106906
56 7 -2419.4989
57 7 -520.463836
58 7 4421.63131
59 7 -92.9141615
60 7 -5820.92206
61 7 -499.533186
62 7 -1450.46278
63 7 -325.718697
64 7 2451.6207
65 7 -34.4774801
66 7 -3312.96798
67 7 -183.36066
68 7 -594.577809
69 7 -145.481431
70 7 1005.64233
71 7 -15.7601748
72 7 -1172.75497
73 7 -74.5653877
74 7 -152.303757
75 7 -14.5385215
76 7 -0.0357911182
77 7 12.0618477
78 7 -492.860812
79 7 -136.639476
80 7 -711.181892
81 7 -85.4520363
82 7 992.499882
83 7 -13.1740744
84 7 -1305.77488
85 7 -9.08234819
86 7 21.1523052
87 7 -0.529462253
88 7 -23.4795378
89 7 9.12859355
90 7 18.8014675
91 7 -9.22459277
92 7 3.70031578
93 7 8.0024462
94 7 -30.1262697
95 7 21.7056895
96 7 3.50977829
97 7 -9.58466
98 7 16.3267828
99 7 4.45007821
100 7 -14.3546379
101 7 7.01890241
102 7 23.6426374
103 7 -27.2913481
104 7 -158.279609
105 7 1.71897389
106 7 93.8845681
107 7 40.9363586
108 7 -385.728818
109 7 -6.59320294
110 7 -35.7708894
111 7 2.4423884
112 7 47.3110133
113 7 11.4908102
114 7 -62.4380932
115 7 -1.26238106
116 7 -6.48132015
117 7 1.34041256
118 7 17.0756426
119 7 0.729171341
120 7 -11.2880341
121 7 -7.04240937
122 7 -49.5122899
123 7 -2.03674282
124 7 46.8742634
125 7 0.19271957
126 7 -59.2490331
127 7 -0.872561357
128 7 11.0528011
129 7 1.52033569
130 7 -7.64802884
131 7 0.541135587
132 7 10.9766723
1 8 7476.85269
2 8 -80203.4241
3 8 -232.032215
4 8 -631256.387
5 8 96.7514512
6 8 -236907.081
7 8 -423265.026
8 8 632407523
9 8 304723.225
10 8 18543551.4
11 8 1157.23837
12 8 48599063.4
13 8 7709.93383
14 8 -100201.679
15 8 1020.3342
16 8 -7987.8111
17 8 165.782711
18 8 -89168.9407
19 8 -3199.53956
20 8 -65876.7407
21 8 -671.240352
22 8 22894.5288
23 8 -52.830089
24 8 -123854.995
25 8 -727.861977
26 8 -58227.6361
27 8 461.100807
28 8 13014.212
29 8 1.813356
30 8 -112954.686
31 8 -4829.58158
32 8 -46675.966
33 8 -363.742922
34 8 17102.817
35 8 -210.951208
36 8 -101005.608
37 8 -2369.49849
38 8 -36719.3452
39 8 -412.854134
40 8 23928.8351
41 8 -137.368881
42 8 -79567.2232
43 8 -2982.67244
44 8 -33988.0543
45 8 -945.466386
46 8 25481.6309
47 8 -227.402469
48 8 -70170.0082
49 8 -1796.65644
50 8 -25969.6601
51 8 -1385.47425
52 8 27516.8238
53 8 -222.391041
54 8 -51402.281
55 8 -1529.9522
56 8 -22805.5479
57 8 -968.896515
58 8 21700.2244
59 8 -180.645073
60 8 -40644.7501
61 8 -872.104026
62 8 -20859.1554
63 8 -181.525537
64 8 17751.4047
65 8 -98.3445047
66 8 -36071.8883
67 8 -356.930358
68 8 -8869.80294
69 8 -272.576016
70 8 10607.4109
71 8 -74.111021
72 8 -16996.6397
73 8 -202.997179
74 8 -7807.85229
75 8 202.869461
76 8 6867.98628
77 8 -40.8373105
78 8 -13497.0363
79 8 -432.648563
80 8 -8980.57971
81 8 -234.815698
82 8 9269.23832
83 8 -92.9107161
84 8 -15811.9416
85 8 16.5742505
86 8 -690.1047
87 8 -5.30753962
88 8 -1453.27393
89 8 -2.35786117
90 8 -486.40073
91 8 38.6195177
92 8 -1256.50906
93 8 180.659617
94 8 -3577.13
95 8 -7.81309651
96 8 -323.024811
97 8 20.7810898
98 8 -660.381242
99 8 0.311987298
100 8 -1161.63735
101 8 -3.41835689
102 8 -495.902623
103 8 -101.282106
104 8 -2894.70201
105 8 297.21976
106 8 -4130.84769
107 8 -116.148428
108 8 -2895.89911
109 8 -15.3099115
110 8 -1066.8452
111 8 -22.2390839
112 8 -1696.87083
113 8 -14.267099
114 8 -394.719563
115 8 -5.27656751
116 8 -248.011207
117 8 -29.7589702
118 8 -120.68496
119 8 -0.671892267
120 8 -151.772101
121 8 -14.9552376
122 8 -315.831977
123 8 -2.79635804
124 8 -278.879377
125 8 -4.41495414
126 8 -115.402031
127 8 8.21935878
128 8 -178.930112
129 8 -1.07693152
130 8 -187.540621
131 8 0.920126286
132 8 -24.954345
1 9 -387.025514
2 9 -634.359471
3 9 -3112.72092
4 9 -77579.6914
5 9 2298.19909
6 9 -39891.6803
7 9 -422136.329
8 9 304723.225
9 9 590273737
10 9 -1161209.08
11 9 -3647471.41
12 9 2391605.37
13 9 -139.664071
14 9 1340.56226
15 9 -3864.37401
16 9 5863.78884
17 9 496.975615
18 9 -12288.4998
19 9 100.9204
20 9 60.400587
21 9 -1985.56366
22 9 2482.88535
23 9 712.484401
24 9 -2295.20146
25 9 461.846192
26 9 711.245586
27 9 -1434.17517
28 9 2180.09707
29 9 691.912172
30 9 926.605927
31 9 125.88234
32 9 455.950649
33 9 -1253.91106
34 9 3751.79655
35 9 613.763082
36 9 -790.219284
37 9 141.418899
38 9 151.390292
39 9 -918.649007
40 9 2267.42462
41 9 503.142884
42 9 628.461185
43 9 -28.9531978
44 9 -87.1057955
45 9 -672.003398
46 9 2687.80004
47 9 461.174054
48 9 -937.124029
49 9 60.2053443
50 9 -526.512535
51 9 -669.335031
52 9 1343.95995
53 9 393.84357
54 9 -1601.18831
55 9 -10.4225595
56 9 -282.663827
57 9 -518.791773
58 9 1549.14136
59 9 307.580241
60 9 -1260.55611
61 9 -24.2279138
62 9 41.6393158
63 9 -334.460861
64 9 1765.72939
65 9 291.006352
66 9 -707.320201
67 9 28.9971858
68 9 -62.2918986
69 9 -103.668452
70 9 139.790999
71 9 156.492423
72 9 -8.71309644
73 9 66.0240424
74 9 181.073882
75 9 -93.0323095
76 9 304.267705
77 9 139.778564
78 9 354.200189
79 9 33.1813572
80 9 -88.2731496
81 9 -102.100432
82 9 294.887857
83 9 163.74794
84 9 -24.9596091
85 9 2.13372885
86 9 -10.6667848
87 9 -17.5055375
88 9 -4.4837197
89 9 3.4880821
90 9 4.85433109
91 9 0.358549138
92 9 66.9450941
93 9 -50.0747292
94 9 310.543314
95 9 6.70554243
96 9 -43.2045029
97 9 9.34336977
98 9 -6.61662105
99 9 -19.3136585
100 9 0.741583761
101 9 5.97673529
102 9 -13.6047257
103 9 13.9482411
104 9 137.15641
105 9 -80.5600354
106 9 505.287288
107 9 63.1857802
108 9 97.1852809
109 9 1.71174347
110 9 -18.739349
111 9 -19.1086416
112 9 5.78056331
113 9 12.4355925
114 9 -3.23391024
115 9 0.383869381
116 9 -15.4860571
117 9 -6.08373849
118 9 -28.0451332
119 9 2.56159881
120 9 -1.02742478
121 9 -2.88197615
122 9 -19.0047043
123 9 -10.5637087
124 9 42.7938257
125 9 2.94038937
126 9 -32.9968928
127 9 -0.737383703
128 9 1.33950917
129 9 -6.50994145
130 9 -7.04749252
131 9 1.63826884
132 9 1.74968635
1 10 807245.764
2 10 -21891414.5
3 10 -2631721.32
4 10 -1.18016375e+09
5 10 4595050.97
6 10 -393002623
7 10 -2392015.68
8 10 18543551.4
9 10 -1161209.08
10 10 9.04399344e+10
11 10 2.34071538e+09
12 10 3.07991859e+10
13 10 12421.1688
14 10 -21661.304
15 10 6036.33535
16 10 -255584.311
17 10 838.766433
18 10 59932.6195
19 10 2157.3425
20 10 3294.12431
21 10 2510.49702
22 10 -124720.819
23 10 -162.90768
24 10 1884.6527
25 10 -1003.11095
26 10 -7179.86896
27 10 2257.40457
28 10 -111859.18
29 10 -164.316668
30 10 -29797.8176
31 10 658.064032
32 10 -1381.85923
33 10 3713.80913
34 10 -80892.1107
35 10 -241.576535
36 10 16568.8115
37 10 -739.145418
38 10 -668.114641
39 10 2260.56079
40 10 -61900.2944
41 10 -226.258704
42 10 -8508.81663
43 10 757.320119
44 10 589.00662
45 10 2627.82255
46 10 -57129.7531
47 10 -193.323464
48 10 3795.31883
49 10 1443.65298
50 10 3268.89932
51 10 1250.70501
52 10 -32920.5576
53 10 -51.5753273
54 10 19292.0989
55 10 1142.90911
56 10 3198.303
57 10 1454.75628
58 10 -36959.1563
59 10 -13.5431671
60 10 16138.5587
61 10 676.651663
62 10 1024.46273
63 10 1754.93226
64 10 -34155.0715
65 10 -0.440181697
66 10 10402.6165
67 10 -29.2784158
68 10 -545.467413
69 10 110.047864
70 10 -6912.91031
71 10 -49.6574074
72 10 -3567.52986
73 10 -358.048983
74 10 -1415.68581
75 10 350.542245
76 10 -8728.42921
77 10 -81.4425959
78 10 -3820.25567
79 10 -27.3706061
80 10 252.711625
81 10 260.98848
82 10 -7506.08698
83 10 -63.8184699
84 10 -627.360382
85 10 -1.74694846
86 10 -885.715795
87 10 1.72771468
88 10 -2297.21971
89 10 -6.75207393
90 10 -664.898214
91 10 49.7557784
92 10 -1837.84174
93 10 330.758457
94 10 -5794.02383
95 10 -14.4895047
96 10 -468.460887
97 10 17.5033087
98 10 -585.301088
99 10 5.63356743
100 10 -2147.7213
101 10 -8.62463752
102 10 -348.91746
103 10 -130.887359
104 10 -3194.89595
105 10 557.321206
106 10 -8161.09132
107 10 -197.186688
108 10 -2858.07446
109 10 0.272198022
110 10 -789.934198
111 10 9.93777276
112 10 -3205.07336
113 10 -18.2603356
114 10 361.984806
115 10 -0.0127051393
116 10 21.6151238
117 10 -28.8256462
118 10 -500.486714
119 10 -0.737936587
120 10 199.558127
121 10 28.5966727
122 10 51.4203399
123 10 38.4410047
124 10 -880.615279
125 10 -0.48554884
126 10 422.449282
127 10 -1.21011274
128 10 37.5996505
129 10 -5.25209873
130 10 -525.356176
131 10 -0.979908926
132 10 270.634681
1 11 1626426.29
2 11 -78256.7874
3 11 532552.003
4 11 -436506.834
5 11 -98167552.2
6 11 -13131389.3
7 11 -1359411.91
8 11 1157.23837
9 11 -3647471.41
10 11 2.34071538e+09
11 11 3.99385036e+09
12 11 896297861
13 11 54.4822313
14 11 -181.017515
15 11 518.59619
16 11 675.983692
17 11 -6636.69025
18 11 824.152691
19 11 -97.8104664
20 11 19.4090544
21 11 699.573065
22 11 86.7397568
23 11 -3580.32105
24 11 573.492626
25 11 -82.3176714
26 11 -45.792548
27 11 648.693433
28 11 318.382422
29 11 -3368.76743
30 11 424.103425
31 11 -53.4153386
32 11 185.502135
33 11 613.292593
34 11 -310.271428
35 11 -2079.19426
36 11 527.520379
37 11 -133.169916
38 11 21.6718902
39 11 477.898142
40 11 502.366713
41 11 -2297.82342
42 11 885.447619
43 11 -145.479912
44 11 118.694198
45 11 451.329606
46 11 227.119878
47 11 -2089.94803
48 11 1001.47569
49 11 -149.03271
50 11 229.426691
51 11 419.416587
52 11 -483.246802
53 11 -1353.27837
54 11 508.795517
55 11 -107.566485
56 11 197.200116
57 11 347.354389
58 11 -412.037689
59 11 -1094.22839
60 11 471.956236
61 11 -124.625091
62 11 102.957887
63 11 302.817254
64 11 -203.775841
65 11 -1042.16144
66 11 268.833491
67 11 -82.2688542
68 11 65.6279017
69 11 162.362696
70 11 -114.770676
71 11 -495.78516
72 11 122.497552
73 11 -84.0542296
74 11 -0.0299982191
75 11 124.205266
76 11 42.3378287
77 11 -449.614155
78 11 46.578515
79 11 -100.465727
80 11 97.6106478
81 11 178.661593
82 11 -142.631267
83 11 -523.603507
84 11 169.035948
85 11 5.45700348
86 11 -0.862229699
87 11 2.57867995
88 11 9.39834493
89 11 -18.7016213
90 11 -0.699432195
91 11 9.96552322
92 11 2.39142259
93 11 1.46206221
94 11 15.2248866
95 11 -41.6717051
96 11 6.2716378
97 11 2.5167843
98 11 -3.4339697
99 11 3.4126733
100 11 10.5186803
101 11 -21.6661748
102 11 -6.16324047
103 11 -5.99669715
104 11 64.4891778
105 11 47.4425207
106 11 -46.729949
107 11 -198.640679
108 11 180.270001
109 11 -4.52653215
110 11 13.6787758
111 11 11.5359335
112 11 -7.19320358
113 11 -49.8011847
114 11 19.8654872
115 11 -2.07552099
116 11 1.13981307
117 11 3.20451504
118 11 -0.579965138
119 11 -8.88806661
120 11 0.603593707
121 11 -1.30619881
122 11 11.3058247
123 11 4.8354377
124 11 -9.92493921
125 11 -11.1962254
126 11 12.9550645
127 11 -1.4528767
128 11 -3.82203644
129 11 2.27175542
130 11 5.12619079
131 11 -6.091904
132 11 -4.24299325
1 12 488788.522
2 12 -7470641.5
3 12 -833492.396
4 12 -400534306
5 12 -12402351.8
6 12 -135832579
7 12 3960288.38
8 12 48599063.4
9 12 2391605.37
10 12 3.07991859e+10
11 12 896297861
12 12 4.07518684e+09
13 12 -28068.3823
14 12 -87801.0895
15 12 -10028.2152
16 12 50520.5978
17 12 -621.404232
18 12 -1051169.49
19 12 -19470.2212
20 12 -122612.767
21 12 -3676.97535
22 12 48194.231
23 12 -703.528308
24 12 -519891.358
25 12 -8115.35795
26 12 -108581.167
27 12 919.972338
28 12 19735.6199
29 12 -474.378985
30 12 -455065.268
31 12 -14987.8505
32 12 -106121.873
33 12 -4208.17536
34 12 92609.751
35 12 -605.027303
36 12 -287609.43
37 12 -8388.12936
38 12 -79153.6467
39 12 -1287.21936
40 12 41612.832
41 12 -1079.41322
42 12 -276574.975
43 12 -10260.951
44 12 -74272.0076
45 12 -4013.26785
46 12 61878.8038
47 12 -1278.59373
48 12 -242423.474
49 12 -6898.52815
50 12 -67770.2436
51 12 -4900.80084
52 12 109649.89
53 12 -745.542975
54 12 -161811.553
55 12 -5662.66056
56 12 -55846.9167
57 12 -4075.259
58 12 89411.6196
59 12 -647.468819
60 12 -123860.248
61 12 -3131.74394
62 12 -49314.4338
63 12 -2218.45228
64 12 76837.6161
65 12 -358.882065
66 12 -108228.46
67 12 -1075.69765
68 12 -23732.8479
69 12 -834.297272
70 12 37453.2087
71 12 -207.55042
72 12 -46580.6124
73 12 -357.935164
74 12 -19362.1568
75 12 111.228397
76 12 29774.9192
77 12 -59.9266976
78 12 -36423.7657
79 12 -1216.94706
80 12 -24619.5465
81 12 -815.406871
82 12 35082.3168
83 12 -244.496364
84 12 -45288.9721
85 12 23.8126281
86 12 -345.697023
87 12 20.506052
88 12 -243.360059
89 12 2.60498074
90 12 -598.772632
91 12 10.5286769
92 12 -472.95376
93 12 24.3159659
94 12 -601.570369
95 12 1.01879899
96 12 -798.409036
97 12 29.7734423
98 12 -640.724227
99 12 13.818466
100 12 279.805357
101 12 2.38880229
102 12 -901.549327
103 12 -326.729575
104 12 -4133.6362
105 12 -27.9625358
106 12 3576.81841
107 12 -180.416698
108 12 -8130.85161
109 12 -56.8535419
110 12 -1514.17561
111 12 -38.4195225
112 12 1276.68743
113 12 -21.4908863
114 12 -1960.33176
115 12 -9.36653722
116 12 -449.450657
117 12 -14.7452768
118 12 384.590284
119 12 -1.40373643
120 12 -509.483794
121 12 -60.4695089
122 12 -608.876064
123 12 -40.6871617
124 12 462.704592
125 12 -10.7299871
126 12 -665.859466
127 12 15.0358061
128 12 -315.029151
129 12 8.02564213
130 12 215.699008
131 12 2.98924593
132 12 -298.424485
1 13 -4449.00599
2 13 7015.50644
3 13 -305.941036
4 13 14108.3549
5 13 132.707819
6 13 -17840.4643
7 13 -8366.25934
8 13 7709.93383
9 13 -139.664071
10 13 12421.1688
11 13 54.4822313
12 13 -28068.3823
13 13 593387226
14 13 -2630915.77
15 13 -811735.255
16 13 -3315520.79
17 13 -1303957.16
18 13 1261684.77
19 13 -8619.13287
20 13 -855.221427
21 13 2182.49449
22 13 7578.68477
23 13 -41.9883012
24 13 -14207.8979
25 13 -7367.80076
26 13 -737.743135
27 13 2429.05046
28 13 10826.7613
29 13 -103.035316
30 13 -9470.6946
31 13 -3603.43731
32 13 -5128.4275
33 13 -1139.53709
34 13 4994.76204
35 13 4.43552265
36 13 -16137.0406
37 13 -1877.1514
38 13 -2506.81734
39 13 -647.299852
40 13 1579.68241
41 13 -2.24899298
42 13 -7494.74711
43 13 -1747.89464
44 13 -3568.5451
45 13 -806.757402
46 13 4628.65744
47 13 -6.07190116
48 13 -10446.0903
49 13 -1074.79081
50 13 -2189.68461
51 13 -667.414236
52 13 5190.53561
53 13 -9.33278412
54 13 -7383.38595
55 13 -956.321337
56 13 -1715.11428
57 13 -508.576192
58 13 3131.84977
59 13 -20.3981273
60 13 -3930.72977
61 13 -709.238389
62 13 -1272.20825
63 13 -365.561769
64 13 2328.53741
65 13 12.6989968
66 13 -2875.36621
67 13 -186.106978
68 13 -632.964814
69 13 -132.482173
70 13 1048.65587
71 13 25.7014426
72 13 -1237.44917
73 13 -82.6005046
74 13 -197.555761
75 13 -13.0732686
76 13 -42.3638496
77 13 45.0081568
78 13 -655.324111
79 13 -131.877693
80 13 -611.254205
81 13 -80.7966144
82 13 764.16587
83 13 2.75103543
84 13 -1170.32426
85 13 -8.56740173
86 13 16.4815132
87 13 0.334082436
88 13 -37.4030999
89 13 8.45783436
90 13 10.997272
91 13 -59.5933246
92 13 104.393264
93 13 -10.360996
94 13 -147.816719
95 13 9.23643664
96 13 269.623423
97 13 -16.7884594
98 13 2.39387083
99 13 -2.22676332
100 13 13.0273471
101 13 2.53854858
102 13 3.33306714
103 13 -37.5399737
104 13 -210.890189
105 13 -14.2121042
106 13 232.154403
107 13 14.8750377
108 13 -472.713127
109 13 -15.995373
110 13 -86.5970602
111 13 -5.87628618
112 13 93.8119669
113 13 2.27087825
114 13 -126.703684
115 13 -3.03821007
116 13 -8.36361966
117 13 -1.00761258
118 13 7.25737511
119 13 15.7890876
120 13 -36.9637295
121 13 -7.81287777
122 13 -51.5685312
123 13 -4.79145577
124 13 53.0703283
125 13 12.8546172
126 13 -75.6832666
127 13 -1.81880024
128 13 16.3933341
129 13 0.943694487
130 13 -7.73919979
131 13 0.208056824
132 13 14.9040899
1 14 6217.52348
2 14 -58681.0733
3 14 1747.66036
4 14 -34248.3512
5 14 -234.061806
6 14 -54065.1784
7 14 7273.00644
8 14 -100201.679
9 14 1340.56226
10 14 -21661.304
11 14 -181.017515
12 14 -87801.0895
13 14 -2630915.77
14 14 641849256
15 14 884104.872
16 14 19102873.7
17 14 -12.2924086
18 14 57974122.1
19 14 -235.964969
20 14 -85415.1035
21 14 -3076.08359
22 14 5275.41195
23 14 -46.9881229
24 14 -143700.875
25 14 186.203558
26 14 -83408.2039
27 14 -3117.79103
28 14 27111.9729
29 14 -130.642823
30 14 -183319.777
31 14 -4680.59978
32 14 -60863.2448
33 14 -228.300557
34 14 7234.4185
35 14 -181.855254
36 14 -131027.969
37 14 -2362.46602
38 14 -40903.0414
39 14 226.648502
40 14 9742.52855
41 14 -145.229033
42 14 -85489.0602
43 14 -2995.34526
44 14 -39787.305
45 14 -392.602904
46 14 12326.5723
47 14 -229.388607
48 14 -83917.1753
49 14 -1184.79885
50 14 -28648.6785
51 14 -311.855414
52 14 10116.8566
53 14 -158.808862
54 14 -49220.8979
55 14 -1027.8643
56 14 -24340.4928
57 14 -458.449534
58 14 9497.71731
59 14 -114.669549
60 14 -45704.4904
61 14 -694.361834
62 14 -24386.9004
63 14 -161.51324
64 14 8761.03074
65 14 -94.4871408
66 14 -45409.6032
67 14 -386.089544
68 14 -10264.1048
69 14 -190.161794
70 14 4810.35144
71 14 -82.1171353
72 14 -20970.6063
73 14 -298.406241
74 14 -7993.88934
75 14 226.937339
76 14 1530.17938
77 14 -66.1135955
78 14 -16028.8351
79 14 -412.592487
80 14 -6596.28317
81 14 -96.2817658
82 14 3593.45923
83 14 -84.5306608
84 14 -12107.957
85 14 12.9597022
86 14 -598.551467
87 14 75.057035
88 14 -1529.12907
89 14 -3.34776986
90 14 -251.197979
91 14 112.583594
92 14 -1225.17582
93 14 115.138696
94 14 -2295.65691
95 14 13.9200842
96 14 -1959.32411
97 14 19.1877579
98 14 -653.789639
99 14 -4.00222762
100 14 -561.891555
101 14 -3.01589016
102 14 -634.056517
103 14 -182.38969
104 14 -2194.57148
105 14 -23.7389995
106 14 854.663855
107 14 -100.549652
108 14 -4616.39184
109 14 -22.1407054
110 14 -1001.77657
111 14 34.4750433
112 14 -508.82262
113 14 -15.068974
114 14 -770.671234
115 14 -21.5995673
116 14 -516.658524
117 14 -20.7477346
118 14 -475.094538
119 14 -26.816948
120 14 -1278.96161
121 14 -27.711384
122 14 -385.327456
123 14 -18.1443516
124 14 -180.68029
125 14 -29.5678417
126 14 -567.192803
127 14 5.37871439
128 14 -205.555762
129 14 -14.5333131
130 14 -108.78548
131 14 1.10656727
132 14 -93.6058533
1 15 -316.298803
2 15 1442.81023
3 15 -2743.61008
4 15 8259.945
5 15 389.137132
6 15 -10534.2753
7 15 -314.152151
8 15 1020.3342
9 15 -3864.37401
10 15 6036.33535
11 15 518.59619
12 15 -10028.2152
13 15 -811735.255
14 15 884104.872
15 15 591481144
16 15 -1476189.16
17 15 -4223317.37
18 15 3315533.08
19 15 2914.03421
20 15 -2723.7594
21 15 -5006.3458
22 15 3220.49927
23 15 782.516075
24 15 -6965.54524
25 15 3301.2303
26 15 -2694.73544
27 15 -4720.82203
28 15 719.945594
29 15 1117.78534
30 15 -9595.62665
31 15 -472.617977
32 15 378.327063
33 15 -1371.99482
34 15 4562.99587
35 15 756.985651
36 15 -2065.12536
37 15 -86.2298652
38 15 526.895743
39 15 -856.057535
40 15 3036.22633
41 15 525.625803
42 15 572.337797
43 15 -220.538887
44 15 276.719897
45 15 -778.234954
46 15 3138.81665
47 15 525.646806
48 15 -1358.37892
49 15 -305.734076
50 15 263.653274
51 15 -584.269234
52 15 2730.95444
53 15 338.641389
54 15 -2708.92341
55 15 -37.4881713
56 15 -156.657402
57 15 -428.83918
58 15 1750.77354
59 15 304.84484
60 15 -1335.55885
61 15 6.75406492
62 15 -25.4075957
63 15 -399.252654
64 15 1730.06934
65 15 320.143815
66 15 -1053.85869
67 15 25.7617627
68 15 -35.8735848
69 15 -128.883302
70 15 372.663043
71 15 162.167663
72 15 -95.8568562
73 15 64.5116883
74 15 230.165676
75 15 -95.2174463
76 15 320.211353
77 15 133.765994
78 15 496.315993
79 15 11.4450883
80 15 -29.8228497
81 15 -95.309512
82 15 456.030234
83 15 109.759282
84 15 5.644645
85 15 1.41178586
86 15 32.5924847
87 15 -23.6334247
88 15 123.112911
89 15 2.6358266
90 15 12.4869426
91 15 21.7800267
92 15 -6.49394575
93 15 -30.8549584
94 15 207.717983
95 15 20.929965
96 15 -82.2191514
97 15 7.76846831
98 15 -10.0265973
99 15 -21.4273354
100 15 11.4718683
101 15 7.01227782
102 15 -27.7101075
103 15 23.6075698
104 15 22.9824481
105 15 -37.7846635
106 15 64.0485432
107 15 67.0159339
108 15 150.512307
109 15 -1.24337504
110 15 -5.63556247
111 15 -23.7855203
112 15 133.050089
113 15 14.2440404
114 15 -46.905269
115 15 0.435917609
116 15 -9.38015305
117 15 -8.58023086
118 15 -21.2823045
119 15 12.9098404
120 15 34.8160991
121 15 -2.68351371
122 15 -26.2903528
123 15 -11.0093067
124 15 21.0675952
125 15 12.2453497
126 15 -18.4860907
127 15 -0.616935913
128 15 -0.153231543
129 15 -5.96198783
130 15 -30.4684875
131 15 1.71704501
132 15 12.1834215
1 16 10146.8888
2 16 -16955.283
3 16 7584.83634
4 16 -204754.75
5 16 161.952233
6 16 124715.709
7 16 9959.46492
8 16 -7987.8111
9 16 5863.78884
10 16 -255584.311
11 16 675.983692
12 16 50520.5978
13 16 -3315520.79
14 16 19102873.7
15 16 -1476189.16
16 16 704297842
17 16 -957510.96
18 16 -13410945.1
19 16 6831.8619
20 16 -6666.44812
21 16 3314.32495
22 16 -212377.579
23 16 -185.595801
24 16 -36846.5738
25 16 9488.50575
26 16 747.089926
27 16 738.371211
28 16 -221442.51
29 16 -199.038021
30 16 76160.6237
31 16 1971.22055
32 16 -10838.5633
33 16 4544.11818
34 16 -111959.982
35 16 -210.615981
36 16 14279.4277
37 16 -636.113879
38 16 -6748.45228
39 16 3069.03715
40 16 -77979.0771
41 16 -189.505624
42 16 -2416.24673
43 16 1249.15155
44 16 -9126.67272
45 16 3140.62837
46 16 -64942.8646
47 16 -133.513784
48 16 3159.69184
49 16 2656.67719
50 16 -7040.54984
51 16 2742.0077
52 16 -53287.6002
53 16 14.9678694
54 16 12476.3892
55 16 1293.15896
56 16 -3720.43423
57 16 1697.63507
58 16 -51313.294
59 16 1.57784129
60 16 -1541.88427
61 16 1034.50173
62 16 -5789.92309
63 16 1728.43571
64 16 -48117.9188
65 16 -0.189082093
66 16 -5404.67031
67 16 53.7383353
68 16 -4068.65688
69 16 352.64383
70 16 -15118.2355
71 16 -55.1915575
72 16 -11862.9478
73 16 -515.874517
74 16 -4842.91164
75 16 373.367637
76 16 -12110.1837
77 16 -121.01087
78 16 -12521.6912
79 16 -46.3299537
80 16 -1296.70955
81 16 438.276053
82 16 -8561.85505
83 16 -62.4767267
84 16 -3129.10347
85 16 -10.2471247
86 16 -831.62799
87 16 133.247683
88 16 -2739.60514
89 16 -9.59314768
90 16 -240.221944
91 16 120.47184
92 16 -1814.40329
93 16 224.501315
94 16 -4212.95284
95 16 12.6600759
96 16 -3062.59
97 16 29.0528236
98 16 -249.198747
99 16 14.0880324
100 16 -1898.26581
101 16 -6.33659341
102 16 -75.4282624
103 16 -195.989592
104 16 -1328.2794
105 16 78.7457017
106 16 -1669.63661
107 16 -161.413314
108 16 -4469.08289
109 16 38.3254208
110 16 -94.5804805
111 16 130.919337
112 16 -2645.75571
113 16 -13.8457278
114 16 783.589618
115 16 -33.3724089
116 16 -308.857181
117 16 -14.3806127
118 16 -1250.79944
119 16 -49.0398849
120 16 -1651.77203
121 16 12.7472747
122 16 -1.16859455
123 16 23.741383
124 16 -792.555933
125 16 -47.4192337
126 16 -297.293624
127 16 -11.9240683
128 16 68.9729837
129 16 -29.0852848
130 16 -438.126306
131 16 -1.39814938
132 16 230.882956
1 17 68.442798
2 17 222.484996
3 17 349.925905
4 17 801.465095
5 17 -4507.15357
6 17 -797.796137
7 17 -19.7088204
8 17 165.782711
9 17 496.975615
10 17 838.766433
11 17 -6636.69025
12 17 -621.404232
13 17 -1303957.16
14 17 -12.2924086
15 17 -4223317.37
16 17 -957510.96
17 17 611300100
18 17 -159911.095
19 17 -19.3197411
20 17 25.5273368
21 17 766.833648
22 17 63.8443632
23 17 -4324.11498
24 17 281.561243
25 17 -189.770644
26 17 108.384662
27 17 1086.64402
28 17 -352.686477
29 17 -6146.16124
30 17 571.77325
31 17 29.3373873
32 17 166.368274
33 17 776.892737
34 17 -332.961345
35 17 -2724.9014
36 17 457.727207
37 17 -20.2272897
38 17 121.941421
39 17 534.114575
40 17 -146.284838
41 17 -1847.12575
42 17 361.265747
43 17 -20.0377644
44 17 212.819283
45 17 553.674234
46 17 -381.764428
47 17 -1857.36236
48 17 618.851153
49 17 -38.5644175
50 17 172.054256
51 17 382.197407
52 17 -395.341826
53 17 -1339.00933
54 17 503.331831
55 17 -32.8950037
56 17 122.250004
57 17 332.238428
58 17 -235.33928
59 17 -1106.09903
60 17 299.363648
61 17 -53.0335275
62 17 97.9109409
63 17 331.400748
64 17 -181.322201
65 17 -1158.47148
66 17 257.538184
67 17 -49.5997132
68 17 77.6972105
69 17 164.720502
70 17 -119.357376
71 17 -542.38399
72 17 147.683161
73 17 -39.9665935
74 17 22.6298319
75 17 117.762721
76 17 24.905818
77 17 -438.744487
78 17 100.333165
79 17 -42.2750844
80 17 87.1254238
81 17 121.277801
82 17 -113.265933
83 17 -360.219799
84 17 162.574996
85 17 5.13925577
86 17 -0.424048983
87 17 1.41390983
88 17 9.88509216
89 17 -18.1573511
90 17 3.37642426
91 17 20.2906873
92 17 -25.7304258
93 17 15.5944978
94 17 53.6558557
95 17 -60.0846584
96 17 -66.7274262
97 17 0.483675101
98 17 -0.711933103
99 17 6.71572581
100 17 3.33875975
101 17 -24.3216856
102 17 -1.82707645
103 17 -16.5041697
104 17 72.6211552
105 17 59.6123851
106 17 -83.605012
107 17 -186.857395
108 17 184.35135
109 17 -8.90823867
110 17 22.5158626
111 17 17.9155765
112 17 -22.8259217
113 17 -53.2973378
114 17 35.3294685
115 17 -0.0343766468
116 17 3.11181119
117 17 10.1800957
118 17 2.25036277
119 17 -47.5399308
120 17 16.4052554
121 17 -0.649572652
122 17 13.4183121
123 17 11.3027728
124 17 -12.6138885
125 17 -45.1518716
126 17 27.1244536
127 17 -1.35343375
128 17 -4.55199724
129 17 2.62480932
130 17 5.39694391
131 17 -6.08744419
132 17 -5.34521024
1 18 -16724.8494
2 18 -51438.8678
3 18 -13616.3003
4 18 101618.405
5 18 1009.19025
6 18 -662647.401
7 18 -27905.5649
8 18 -89168.9407
9 18 -12288.4998
10 18 59932.6195
11 18 824.152691
12 18 -1051169.49
13 18 1261684.77
14 18 57974122.1
15 18 3315533.08
16 18 -13410945.1
17 18 -159911.095
18 18 837560301
19 18 -14121.6183
20 18 -140341.885
21 18 -7357.57824
22 18 -3222.81693
23 18 -544.421027
24 18 -610833.038
25 18 -9542.70089
26 18 -189674.617
27 18 -10632.6795
28 18 208519.24
29 18 -939.672948
30 18 -817810.663
31 18 -15819.8127
32 18 -133747.742
33 18 -4792.7848
34 18 86772.7734
35 18 -562.50271
36 18 -384671.426
37 18 -7217.63178
38 18 -88864.6853
39 18 -1409.75692
40 18 70929.86
41 18 -401.894034
42 18 -236486.732
43 18 -10224.6154
44 18 -89811.7656
45 18 -4370.25868
46 18 87916.5493
47 18 -736.686898
48 18 -244223.643
49 18 -7282.82369
50 18 -59592.0447
51 18 -4967.63034
52 18 83469.1895
53 18 -639.48669
54 18 -157230.54
55 18 -3771.51678
56 18 -52973.3884
57 18 -2924.7342
58 18 62484.2843
59 18 -404.956993
60 18 -122614.009
61 18 -2712.38145
62 18 -52398.5997
63 18 -2144.51288
64 18 62005.4927
65 18 -339.592542
66 18 -123069.7
67 18 -1159.48113
68 18 -23574.032
69 18 -906.945639
70 18 28737.0569
71 18 -217.802506
72 18 -50096.2411
73 18 -538.060583
74 18 -16819.6605
75 18 136.048654
76 18 18675.3625
77 18 -106.695287
