# name: debug
# type: sparse matrix
# nnz: 2916
# rows: 54
# columns: 54

1 1 6739813.6
2 1 43024.0042
3 1 783309.953
4 1 71496.5219
5 1 -4078673.09
6 1 878350.523
7 1 -605824.715
8 1 508723.252
9 1 67556.8876
10 1 118400.247
11 1 427524.734
12 1 -525184.419
13 1 -428282.879
14 1 -413413.428
15 1 -8660.86217
16 1 -123730.5
17 1 247086.211
18 1 318059.823
19 1 -72306.4805
20 1 -5619.92345
21 1 -10979.4021
22 1 -3413.33901
23 1 41459.8139
24 1 -4772.88746
25 1 -72752.2552
26 1 -9754.66674
27 1 -12875.9116
28 1 -5081.66584
29 1 46100.9342
30 1 -5202.26769
31 1 -53249.6363
32 1 -6299.56842
33 1 -10635.9353
34 1 -3606.15248
35 1 35172.4345
36 1 -2637.6971
37 1 -23798.2309
38 1 -2814.76231
39 1 -5075.43709
40 1 -2577.95416
41 1 21217.2874
42 1 -3399.33595
43 1 -52481.9834
44 1 -7907.23806
45 1 17879.4848
46 1 -11474.8502
47 1 73580.7216
48 1 -13236.8084
49 1 -67622.3634
50 1 -27822.987
51 1 17902.3896
52 1 -11242.0787
53 1 76830.5521
54 1 12724.1462
1 2 43024.0042
2 2 14678454.8
3 2 -421901.365
4 2 6293667.97
5 2 -70709.6274
6 2 -2720585.05
7 2 509059.01
8 2 -2718378.97
9 2 64172.1427
10 2 -1074098.38
11 2 -118425.928
12 2 1566927.59
13 2 -416733.287
14 2 -1501287.32
15 2 13538.4504
16 2 -557401.164
17 2 126150.042
18 2 747805.475
19 2 -4851.95345
20 2 -134320.045
21 2 2829.55349
22 2 -65542.0757
23 2 2804.21168
24 2 -29916.1863
25 2 -8745.24133
26 2 -154007.413
27 2 2860.23767
28 2 -86025.8075
29 2 3925.59954
30 2 -42953.5806
31 2 -5603.5505
32 2 -123820.552
33 2 694.345831
34 2 -73166.0927
35 2 2835.36723
36 2 -37563.522
37 2 -3419.1357
38 2 -54633.0273
39 2 2734.35107
40 2 -46269.3558
41 2 2670.74669
42 2 -20113.2145
43 2 -8741.65461
44 2 -205399.674
45 2 8773.1514
46 2 -130549.122
47 2 6065.77705
48 2 36476.2152
49 2 -21265.1907
50 2 -141182.097
51 2 3116.19139
52 2 -150953.288
53 2 5622.54667
54 2 8366.32054
1 3 783309.953
2 3 -421901.365
3 3 3258347.51
4 3 -466876.429
5 3 -3364.12795
6 3 -786.894503
7 3 67391.413
8 3 63699.2512
9 3 -315672.218
10 3 86190.0784
11 3 -186925.269
12 3 328.608118
13 3 -17860.5919
14 3 10877.3562
15 3 -171267.411
16 3 -6493.74916
17 3 -42053.2458
18 3 1200.92247
19 3 -22421.6647
20 3 1903.95046
21 3 -18808.9546
22 3 2177.99334
23 3 15744.7627
24 3 -455.412477
25 3 -29677.3288
26 3 1210.57175
27 3 -21793.8922
28 3 1988.53089
29 3 23853.3985
30 3 -497.745874
31 3 -26516.9622
32 3 -491.363264
33 3 -19186.1331
34 3 973.965367
35 3 22276.8915
36 3 -312.207597
37 3 -16251.9416
38 3 2009.23534
39 3 -7361.53851
40 3 2187.11738
41 3 16556.4781
42 3 -896.451613
43 3 -38433.4038
44 3 661.432888
45 3 -41572.2631
46 3 4152.53903
47 3 24177.2557
48 3 -3283.18389
49 3 -43627.9727
50 3 -13491.1149
51 3 -11046.0639
52 3 -5128.05201
53 3 54079.9183
54 3 5926.67896
1 4 71496.5219
2 4 6293667.97
3 4 -466876.429
4 4 3687612.46
5 4 9642.20247
6 4 -1044339.22
7 4 120558.05
8 4 -1080086.66
9 4 85591.1735
10 4 -563746.804
11 4 -7285.48173
12 4 592081.72
13 4 -136436.34
14 4 -580217.156
15 4 -4779.36787
16 4 -256980.017
17 4 21546.0512
18 4 282547.43
19 4 -2119.75585
20 4 -60290.9345
21 4 2451.37858
22 4 -31838.9008
23 4 522.188464
24 4 -12520.5352
25 4 -2960.29228
26 4 -72507.0392
27 4 2397.51033
28 4 -44946.4826
29 4 581.393201
30 4 -21224.841
31 4 -2033.03203
32 4 -56836.1338
33 4 1204.36366
34 4 -38010.21
35 4 465.619742
36 4 -18859.1925
37 4 -1089.13933
38 4 -29521.007
39 4 2046.05208
40 4 -28018.9829
41 4 562.359992
42 4 -11536.2141
43 4 -847.98681
44 4 -127141.585
45 4 7261.74255
46 4 -79899.4286
47 4 1862.07863
48 4 30345.4237
49 4 -13191.462
50 4 -92977.8422
51 4 -94.7379974
52 4 -99608.6016
53 4 -272.629155
54 4 10922.1917
1 5 -4078673.09
2 5 -70709.6274
3 5 -3364.12795
4 5 9642.20247
5 5 3835429.45
6 5 -456262.096
7 5 422548.334
8 5 -120749.788
9 5 -184114.669
10 5 -7400.42468
11 5 -462589.126
12 5 182754.467
13 5 244922.746
14 5 134666.876
15 5 -43574.7546
16 5 20827.9868
17 5 -204648.999
18 5 -95987.714
19 5 43032.7313
20 5 2674.20508
21 5 9847.45738
22 5 909.096272
23 5 -27249.4463
24 5 2818.11596
25 5 47911.8644
26 5 3795.59702
27 5 13664.0763
28 5 1377.78829
29 5 -36157.1829
30 5 2994.70153
31 5 36203.0315
32 5 2529.86969
33 5 11899.2008
34 5 1023.29108
35 5 -29953.8267
36 5 2042.7841
37 5 20961.915
38 5 943.779485
39 5 6264.86032
40 5 551.011975
41 5 -22631.0998
42 5 2489.87551
43 5 50586.289
44 5 1150.43444
45 5 -27711.8104
46 5 5383.215
47 5 -101842.46
48 5 11142.802
49 5 66009.4451
50 5 16158.0212
51 5 -7935.54619
52 5 4554.09175
53 5 -88354.7671
54 5 -5539.94843
1 6 878350.523
2 6 -2720585.05
3 6 -786.894503
4 6 -1044339.22
5 6 -456262.096
6 6 5858793.49
7 6 -517109.996
8 6 1542114.67
9 6 -108.385328
10 6 577416.603
11 6 178356.283
12 6 -1637059.74
13 6 307232.024
14 6 701037.133
15 6 -1865.80959
16 6 240157.599
17 6 -85506.9884
18 6 -911537.548
19 6 -4960.76561
20 6 -37031.0496
21 6 523.431344
22 6 -19075.4973
23 6 3029.93047
24 6 -15807.9746
25 6 -5360.84593
26 6 -53801.6156
27 6 772.797371
28 6 -35503.0099
29 6 3266.41295
30 6 -26341.4425
31 6 -2772.04619
32 6 -46847.3359
33 6 533.715719
34 6 -34023.3066
35 6 2401.41101
36 6 -23712.5467
37 6 -3642.03637
38 6 -27309.3456
39 6 1007.87639
40 6 -27480.6217
41 6 3172.0821
42 6 -14356.378
43 6 -10005.6768
44 6 7455.82168
45 6 6103.32905
46 6 -83647.6957
47 6 8065.90802
48 6 -100186.942
49 6 4305.69101
50 6 -50846.8579
51 6 -318.992906
52 6 -89673.3959
53 6 -2399.47752
54 6 -28786.6815
1 7 -605824.715
2 7 509059.01
3 7 67391.413
4 7 120558.05
5 7 422548.334
6 7 -517109.996
7 7 4884348.64
8 7 -759445.868
9 7 379508.743
10 7 -157690.546
11 7 -3033059.26
12 7 1375580.83
13 7 -186154.117
14 7 -32995.1478
15 7 -22171.1958
16 7 -13274.3327
17 7 136605.712
18 7 -16455.6425
19 7 -64422.4768
20 7 -10393.9531
21 7 -12606.2255
22 7 -5619.23109
23 7 42876.4049
24 7 -7054.42408
25 7 -59177.5355
26 7 -8786.01376
27 7 -8391.38031
28 7 -5093.26171
29 7 42619.0263
30 7 -5034.31262
31 7 -43473.3706
32 7 -5337.90652
33 7 -8490.99564
34 7 -3678.87454
35 7 34081.4164
36 7 -3101.25364
37 7 -24168.6747
38 7 -1120.49171
39 7 -1712.00171
40 7 -1060.20957
41 7 19498.859
42 7 -1991.0125
43 7 -16063.8349
44 7 -1712.68971
45 7 -717.291105
46 7 -1408.89579
47 7 14709.3024
48 7 -1037.67843
49 7 -14044.0237
50 7 -3505.75645
51 7 -570.680783
52 7 -2954.43786
53 7 14328.7165
54 7 -2183.57403
1 8 508723.252
2 8 -2718378.97
3 8 63699.2512
4 8 -1080086.66
5 8 -120749.788
6 8 1542114.67
7 8 -759445.868
8 8 10909808.9
9 8 -418145.02
10 8 4722876.78
11 8 157083.368
12 8 -2378437.21
13 8 -30939.7429
14 8 -679610.227
15 8 21977.7333
16 8 -285958.293
17 8 11716.7557
18 8 126894.293
19 8 -9483.25939
20 8 -143743.979
21 8 3559.9777
22 8 -83676.4185
23 8 4497.61684
24 8 -48394.7568
25 8 -8004.90908
26 8 -127824.247
27 8 1978.34343
28 8 -84680.1006
29 8 3963.0926
30 8 -44088.0343
31 8 -4741.81584
32 8 -103725.612
33 8 838.104661
34 8 -75081.117
35 8 2941.06642
36 8 -40466.4976
37 8 -1750.56874
38 8 -43369.4437
39 8 1653.25087
40 8 -31848.9078
41 8 1345.9988
42 8 -8578.02389
43 8 -1399.68585
44 8 -31630.2555
45 8 841.830474
46 8 -28012.5869
47 8 777.279711
48 8 -6040.89323
49 8 -2114.39053
50 8 -30653.6537
51 8 3504.55331
52 8 -32051.4015
53 8 1060.89631
54 8 -5231.70874
1 9 67556.8876
2 9 64172.1427
3 9 -315672.218
4 9 85591.1735
5 9 -184114.669
6 9 -108.385328
7 9 379508.743
8 9 -418145.02
9 9 2439533.94
10 9 -523460.89
11 9 160074.881
12 9 607.178392
13 9 -26848.5745
14 9 21797.5
15 9 -88220.3774
16 9 21235.8576
17 9 2359.92433
18 9 -263.590795
19 9 -24887.2931
20 9 2251.40413
21 9 -21950.0424
22 9 2787.83692
23 9 23621.391
24 9 -542.209401
25 9 -23735.6782
26 9 575.481049
27 9 -18870.6223
28 9 1756.12217
29 9 24810.6084
30 9 -494.290018
31 9 -23126.0897
32 9 -117.104445
33 9 -16757.3108
34 9 1388.8291
35 9 25040.442
36 9 -485.672414
37 9 -12776.6453
38 9 1441.6293
39 9 -4526.66327
40 9 1385.02711
41 9 10735.2371
42 9 -604.970124
43 9 -11191.2363
44 9 -346.372989
45 9 -2756.89839
46 9 92.2548153
47 9 10809.3249
48 9 -404.714199
49 9 -12681.4846
50 9 516.016478
51 9 -2277.27799
52 9 802.904905
53 9 13738.2224
54 9 -1424.86181
1 10 118400.247
2 10 -1074098.38
3 10 86190.0784
4 10 -563746.804
5 10 -7400.42468
6 10 577416.603
7 10 -157690.546
8 10 4722876.78
9 10 -523460.89
10 10 2946935.61
11 10 -8415.42883
12 10 -968998.936
13 10 -11939.498
14 10 -289041.624
15 10 21195.7867
16 10 -149882.937
17 10 2865.59486
18 10 77849.0233
19 10 -3382.92285
20 10 -73045.5207
21 10 3210.47555
22 10 -45530.368
23 10 644.359108
24 10 -25714.686
25 10 -2798.13832
26 10 -69078.1873
27 10 2123.61897
28 10 -48525.5292
29 10 515.701749
30 10 -24934.1786
31 10 -1775.55397
32 10 -55583.8962
33 10 1540.57652
34 10 -43169.1023
35 10 405.389915
36 10 -23152.8525
37 10 -453.541904
38 10 -23406.9801
39 10 1222.83505
40 10 -18499.4209
41 10 269.185169
42 10 -3509.18013
43 10 -426.231096
44 10 -16916.0089
45 10 506.126509
46 10 -16063.6772
47 10 -10.9567151
48 10 -2612.08987
49 10 -93.3360473
50 10 -16016.4414
51 10 1791.64188
52 10 -17793.921
53 10 -409.321874
54 10 -2535.7874
1 11 427524.734
2 11 -118425.928
3 11 -186925.269
4 11 -7285.48173
5 11 -462589.126
6 11 178356.283
7 11 -3033059.26
8 11 157083.368
9 11 160074.881
10 11 -8415.42883
11 11 3067684.61
12 11 -610801.552
13 11 135323.482
14 11 13379.4259
15 11 670.444676
16 11 4128.59529
17 11 -120697.185
18 11 17166.3645
19 11 45830.7897
20 11 4267.74606
21 11 16209.7533
22 11 1468.2724
23 11 -36827.4355
24 11 4127.37919
25 11 45138.7915
26 11 3640.96947
27 11 14071.4162
28 11 1400.88375
29 11 -39720.6821
30 11 3273.51878
31 11 35743.0471
32 11 2306.01159
33 11 13460.3899
34 11 1025.94779
35 11 -35236.6701
36 11 2749.4205
37 11 19142.5793
38 11 199.361474
39 11 2190.97545
40 11 107.061126
41 11 -16549.5193
42 11 1382.05808
43 11 13992.7052
44 11 884.28781
45 11 1406.84205
46 11 514.145772
47 11 -14215.7958
48 11 836.143259
49 11 13907.9792
50 11 1354.31626
51 11 1493.59035
52 11 1022.38085
53 11 -15957.8338
54 11 1875.40488
1 12 -525184.419
2 12 1566927.59
3 12 328.608118
4 12 592081.72
5 12 182754.467
6 12 -1637059.74
7 12 1375580.83
8 12 -2378437.21
9 12 607.178392
10 12 -968998.936
11 12 -610801.552
12 12 4716904.28
13 12 -17196.5199
14 12 113951.901
15 12 373.189338
16 12 65090.1179
17 12 18007.2535
18 12 -322035.72
19 12 -7362.24826
20 12 -58550.2087
21 12 775.921336
22 12 -38799.0021
23 12 4485.23872
24 12 -31970.5537
25 12 -5278.55693
26 12 -55623.4667
27 12 745.149568
28 12 -42814.1115
29 12 3700.30725
30 12 -32057.8968
31 12 -3277.03321
32 12 -50407.589
33 12 648.896705
34 12 -42583.2209
35 12 3285.45058
36 12 -29231.7751
37 12 -2184.97961
38 12 -16382.7251
39 12 621.611115
40 12 -12839.2207
41 12 1694.12447
42 12 -5541.91606
43 12 -996.590417
44 12 -14199.2782
45 12 502.173918
46 12 -14041.1786
47 12 779.752122
48 12 -4356.67399
49 12 -1795.23203
50 12 -16046.2799
51 12 1624.17087
52 12 -18734.1415
53 12 1336.22467
54 12 -3865.39379
1 13 -428282.879
2 13 -416733.287
3 13 -17860.5919
4 13 -136436.34
5 13 244922.746
6 13 307232.024
7 13 -186154.117
8 13 -30939.7429
9 13 -26848.5745
10 13 -11939.498
11 13 135323.482
12 13 -17196.5199
13 13 4433986.3
14 13 933645.293
15 13 914845.068
16 13 275008.945
17 13 -2601627.62
18 13 -337439.243
19 13 -80963.2899
20 13 -12071.8969
21 13 -21367.3804
22 13 -7735.20795
23 13 56620.126
24 13 -11389.3726
25 13 -66595.1991
26 13 -8160.02424
27 13 -14197.4738
28 13 -6194.19778
29 13 50000.4193
30 13 -7525.85674
31 13 -38254.4966
32 13 -748.160513
33 13 -6573.38093
34 13 -2421.19436
35 13 28350.1422
36 13 -3014.38288
37 13 -37519.779
38 13 -5564.54828
39 13 -10509.0549
40 13 -6123.85967
41 13 41127.2393
42 13 -7507.66437
43 13 -11516.0785
44 13 -2066.10932
45 13 -1945.49997
46 13 -1609.45323
47 13 9790.72445
48 13 -1499.59119
49 13 -40791.0171
50 13 -21197.7081
51 13 14673.0661
52 13 -6187.68302
53 13 40545.8032
54 13 12797.1837
1 14 -413413.428
2 14 -1501287.32
3 14 10877.3562
4 14 -580217.156
5 14 134666.876
6 14 701037.133
7 14 -32995.1478
8 14 -679610.227
9 14 21797.5
10 14 -289041.624
11 14 13379.4259
12 14 113951.901
13 14 933645.293
14 14 9001476.93
15 14 -265578.244
16 14 3779174.9
17 14 -275474.621
18 14 -485764.599
19 14 -10828.5989
20 14 -196237.67
21 14 6741.75945
22 14 -119198.805
23 14 6019.66538
24 14 -75621.7593
25 14 -7133.95967
26 14 -153878.552
27 14 3821.36977
28 14 -106680.055
29 14 4592.99782
30 14 -61351.8746
31 14 -440.799531
32 14 -85650.574
33 14 785.181574
34 14 -60029.8061
35 14 1933.73968
36 14 -31360.8341
37 14 -7118.01548
38 14 -97778.3487
39 14 4647.01197
40 14 -99748.534
41 14 6873.3046
42 14 -48908.8068
43 14 -1807.73974
44 14 -25185.722
45 14 1686.95824
46 14 -20786.9262
47 14 1071.22163
48 14 -6489.75774
49 14 -16914.5185
50 14 -78686.514
51 14 199.661176
52 14 -66370.5026
53 14 4618.06989
54 14 15982.3824
1 15 -8660.86217
2 15 13538.4504
3 15 -171267.411
4 15 -4779.36787
5 15 -43574.7546
6 15 -1865.80959
7 15 -22171.1958
8 15 21977.7333
9 15 -88220.3774
10 15 21195.7867
11 15 670.444676
12 15 373.189338
13 15 914845.068
14 15 -265578.244
15 15 2125877.13
16 15 -145590.805
17 15 -398227.093
18 15 465.675602
19 15 -36226.2189
20 15 5243.0058
21 15 -30435.1569
22 15 5242.10629
23 15 35623.2393
24 15 -790.43576
25 15 -31034.2113
26 15 2419.29176
27 15 -23008.8093
28 15 3327.82176
29 15 33348.1636
30 15 -728.294414
31 15 -18204.8253
32 15 432.013451
33 15 -12712.4669
34 15 1376.08999
35 15 18715.2799
36 15 -465.668825
37 15 -30103.7985
38 15 3180.83874
39 15 -14889.7032
40 15 4668.65377
41 15 39043.8943
42 15 -2085.91824
43 15 -9250.6487
44 15 281.374523
45 15 -2997.97905
46 15 562.406107
47 15 8242.37763
48 15 -652.051007
49 15 -22392.7563
50 15 -11439.1397
51 15 -7285.80721
52 15 -4958.24721
53 15 21455.0201
54 15 6156.26721
1 16 -123730.5
2 16 -557401.164
3 16 -6493.74916
4 16 -256980.017
5 16 20827.9868
6 16 240157.599
7 16 -13274.3327
8 16 -285958.293
9 16 21235.8576
10 16 -149882.937
11 16 4128.59529
12 16 65090.1179
13 16 275008.945
14 16 3779174.9
15 16 -145590.805
16 16 2251161.56
17 16 43236.6028
18 16 -93612.2585
19 16 -4290.28755
20 16 -102301.111
21 16 5759.81708
22 16 -67365.7019
23 16 803.191289
24 16 -42483.8294
25 16 -2850.56133
26 16 -84464.1943
27 16 3667.53467
28 16 -63771.7646
29 16 469.711406
30 16 -36863.5563
31 16 -781.392254
32 16 -44378.1373
33 16 1364.53748
34 16 -35939.5137
35 16 317.629356
36 16 -18624.0267
37 16 -2657.36306
38 16 -58089.0053
39 16 4112.86855
40 16 -64505.7048
41 16 1442.1567
42 16 -30818.5398
43 16 -450.769965
44 16 -12231.7542
45 16 992.368445
46 16 -10650.5072
47 16 85.1561186
48 16 -2887.77336
49 16 -11063.487
50 16 -52121.7247
51 16 -1763.83971
52 16 -41928.8051
53 16 1070.37477
54 16 15034.6039
1 17 247086.211
2 17 126150.042
3 17 -42053.2458
4 17 21546.0512
5 17 -204648.999
6 17 -85506.9884
7 17 136605.712
8 17 11716.7557
9 17 2359.92433
10 17 2865.59486
11 17 -120697.185
12 17 18007.2535
13 17 -2601627.62
14 17 -275474.621
15 17 -398227.093
16 17 43236.6028
17 17 2381416.98
18 17 -18137.1809
19 17 60968.4398
20 17 5469.92146
21 17 25854.7724
22 17 2080.67144
23 17 -53242.1674
24 17 6881.28455
25 17 53406.7296
26 17 3879.66462
27 17 20342.0308
28 17 1725.39488
29 17 -51655.5804
30 17 5136.75525
31 17 29397.7292
32 17 1073.66595
33 17 9314.17925
34 17 744.510145
35 17 -29608.6558
36 17 2681.80813
37 17 41138.7722
38 17 2166.3748
39 17 15878.0409
40 17 1026.91859
41 17 -55393.5922
42 17 6427.93058
43 17 9761.21956
44 17 850.106346
45 17 2169.45959
46 17 496.382674
47 17 -9006.75851
48 17 1081.46592
49 17 35501.5529
50 17 12146.822
51 17 -8686.02981
52 17 2187.99192
53 17 -39186.7367
54 17 -7114.7058
1 18 318059.823
2 18 747805.475
3 18 1200.92247
4 18 282547.43
5 18 -95987.714
6 18 -911537.548
7 18 -16455.6425
8 18 126894.293
9 18 -263.590795
10 18 77849.0233
11 18 17166.3645
12 18 -322035.72
13 18 -337439.243
14 18 -485764.599
15 18 465.675602
16 18 -93612.2585
17 18 -18137.1809
18 18 3396257.57
19 18 -11707.516
20 18 -89128.1992
21 18 1272.8858
22 18 -63110.4668
23 18 7451.48055
24 18 -52322.306
25 18 -7632.14794
26 18 -74551.1915
27 18 1191.18123
28 18 -62463.4716
29 18 5811.79264
30 18 -47086.1397
31 18 -3020.6273
32 18 -38595.8274
33 18 618.382285
34 18 -36117.1213
35 18 3361.46719
36 18 -25662.6587
37 18 -8322.25959
38 18 -61518.5928
39 18 2174.70758
40 18 -72880.0759
41 18 8839.64601
42 18 -40192.3437
43 18 -1448.87451
44 18 -11614.6147
45 18 753.765129
46 18 -10178.5837
47 18 1050.17908
48 18 -3666.96983
49 18 5015.1576
50 18 -16463.895
51 18 -1885.22708
52 18 -29017.7349
53 18 -3350.11248
54 18 -14065.1949
1 19 -72306.4805
2 19 -4851.95345
3 19 -22421.6647
4 19 -2119.75585
5 19 43032.7313
6 19 -4960.76561
7 19 -64422.4768
8 19 -9483.25939
9 19 -24887.2931
10 19 -3382.92285
11 19 45830.7897
12 19 -7362.24826
13 19 -80963.2899
14 19 -10828.5989
15 19 -36226.2189
16 19 -4290.28755
17 19 60968.4398
18 19 -11707.516
19 19 5269817.2
20 19 256497.804
21 19 1186249.5
22 19 58508.6186
23 19 -3380851.46
24 19 349399.249
25 19 -222145.503
26 19 -19179.7044
27 19 -53288.4322
28 19 -5179.3407
29 19 236091.354
30 19 -14746.6164
31 19 -160208.412
32 19 -14527.2937
33 19 -38306.5794
34 19 -1002.0213
35 19 271864.41
36 19 -7053.99346
37 19 -102938.418
38 19 -3430.40431
39 19 -27106.1189
40 19 1382.15434
41 19 188434.357
42 19 -5385.10856
43 19 -64507.4874
44 19 -6584.91501
45 19 -13603.2724
46 19 -3098.87523
47 19 285449.911
48 19 -3170.77819
49 19 -46370.2461
50 19 -2693.88892
51 19 -1593.83876
52 19 -1345.34904
53 19 78313.3902
54 19 123.167869
1 20 -5619.92345
2 20 -134320.045
3 20 1903.95046
4 20 -60290.9345
5 20 2674.20508
6 20 -37031.0496
7 20 -10393.9531
8 20 -143743.979
9 20 2251.40413
10 20 -73045.5207
11 20 4267.74606
12 20 -58550.2087
13 20 -12071.8969
14 20 -196237.67
15 20 5243.0058
16 20 -102301.111
17 20 5469.92146
18 20 -89128.1992
19 20 256497.804
20 20 6787535.91
21 20 -483042.533
22 20 4306686.86
23 20 -57090.0405
24 20 2386905.08
25 20 -19510.1446
26 20 -342477.858
27 20 17315.6049
28 20 -403944.214
29 20 4060.49996
30 20 -265713.428
31 20 -16152.2106
32 20 -247136.512
33 20 13882.011
34 20 -477613.362
35 20 3116.3882
36 20 -316669.527
37 20 -7100.44304
38 20 -170222.454
39 20 7495.76547
40 20 -336449.391
41 20 4499.02161
42 20 -176123.112
43 20 -5520.60254
44 20 -111049.499
45 20 4486.62262
46 20 -576613.579
47 20 -4385.27037
48 20 -240920.963
49 20 -498.85576
50 20 -70196.1205
51 20 967.80364
52 20 -127091.109
53 20 -2966.65451
54 20 -16985.1739
1 21 -10979.4021
2 21 2829.55349
3 21 -18808.9546
4 21 2451.37858
5 21 9847.45738
6 21 523.431344
7 21 -12606.2255
8 21 3559.9777
9 21 -21950.0424
10 21 3210.47555
11 21 16209.7533
12 21 775.921336
13 21 -21367.3804
14 21 6741.75945
15 21 -30435.1569
16 21 5759.81708
17 21 25854.7724
18 21 1272.8858
19 21 1186249.5
20 21 -483042.533
21 21 1609805.02
22 21 -250776.35
23 21 -1468914.49
24 21 -1418.57812
25 21 -67255.0255
26 21 16356.4372
27 21 -58034.5705
28 21 8304.80209
29 21 143290.114
30 21 -215.167755
31 21 -57967.5417
32 21 12696.9294
33 21 -44087.112
34 21 5742.83874
35 21 214439.589
36 21 1146.94258
37 21 -53955.7011
38 21 7639.32397
39 21 -29288.9796
40 21 5527.61541
41 21 141994.496
42 21 10.0634394
43 21 -41558.7766
44 21 1084.20809
45 21 -14591.773
46 21 -2680.60778
47 21 242237.291
48 21 -2065.14855
49 21 -29461.6554
50 21 -1023.41405
51 21 -3894.54249
52 21 -2219.71317
53 21 53870.4697
54 21 339.278408
1 22 -3413.33901
2 22 -65542.0757
3 22 2177.99334
4 22 -31838.9008
5 22 909.096272
6 22 -19075.4973
7 22 -5619.23109
8 22 -83676.4185
9 22 2787.83692
10 22 -45530.368
11 22 1468.2724
12 22 -38799.0021
13 22 -7735.20795
14 22 -119198.805
15 22 5242.10629
16 22 -67365.7019
17 22 2080.67144
18 22 -63110.4668
19 22 58508.6186
20 22 4306686.86
21 22 -250776.35
22 22 5334723.26
23 22 3270.49877
24 22 3911735.27
25 22 -4502.36118
26 22 -332022.041
27 22 9002.55463
28 22 -832305.535
29 22 -5001.01881
30 22 -654348.309
31 22 -4334.69753
32 22 -246942.987
33 22 7112.04038
34 22 -1424331.48
35 22 4515.68151
36 22 -1051460.78
37 22 -1978.38266
38 22 -176780.306
39 22 3003.79892
40 22 -532414.166
41 22 4351.46414
42 22 -295428.063
43 22 -625.643384
44 22 -123732.105
45 22 1586.83993
46 22 -1101634.3
47 22 -9952.76803
48 22 -475907.487
49 22 557.169513
50 22 -56909.1097
51 22 -327.831842
52 22 -140647.781
53 22 -3515.85076
54 22 -22410.7522
1 23 41459.8139
2 23 2804.21168
3 23 15744.7627
4 23 522.188464
5 23 -27249.4463
6 23 3029.93047
7 23 42876.4049
8 23 4497.61684
9 23 23621.391
10 23 644.359108
11 23 -36827.4355
12 23 4485.23872
13 23 56620.126
14 23 6019.66538
15 23 35623.2393
16 23 803.191289
17 23 -53242.1674
18 23 7451.48055
19 23 -3380851.46
20 23 -57090.0405
21 23 -1468914.49
22 23 3270.49877
23 23 5672147.1
24 23 -74690.6394
25 23 217986.645
26 23 5195.17734
27 23 106653.707
28 23 1276.99742
29 23 -729353.713
30 23 -10677.3476
31 23 177115.602
32 23 2956.2391
33 23 86557.6743
34 23 -5594.59759
35 23 -1484835.68
36 23 -40869.9546
37 23 132225.265
38 23 -1552.54506
39 23 56537.4397
40 23 -7904.61342
41 23 -479778.721
42 23 -2819.25317
43 23 97561.5289
44 23 2700.52278
45 23 30943.877
46 23 7397.51228
47 23 -942632.765
48 23 4299.24538
49 23 53046.4104
50 23 1731.17073
51 23 3470.46786
52 23 2255.66744
53 23 -126724.651
54 23 -1450.62547
1 24 -4772.88746
2 24 -29916.1863
3 24 -455.412477
4 24 -12520.5352
5 24 2818.11596
6 24 -15807.9746
7 24 -7054.42408
8 24 -48394.7568
9 24 -542.209401
10 24 -25714.686
11 24 4127.37919
12 24 -31970.5537
13 24 -11389.3726
14 24 -75621.7593
15 24 -790.43576
16 24 -42483.8294
17 24 6881.28455
18 24 -52322.306
19 24 349399.249
20 24 2386905.08
21 24 -1418.57812
22 24 3911735.27
23 24 -74690.6394
24 24 4016407.76
25 24 -15150.9551
26 24 -240706.893
27 24 347.292452
28 24 -779200.859
29 24 -14302.0009
30 24 -657429.98
31 24 -12764.4726
32 24 -189370.09
33 24 426.525987
34 24 -1440748.75
35 24 -29259.0336
36 24 -1095929.46
37 24 -7706.99051
38 24 -136569.522
39 24 456.241633
40 24 -457847.343
41 24 4815.40432
42 24 -267106.204
43 24 -1963.48808
44 24 -99982.7887
45 24 1055.81201
46 24 -984405.588
47 24 -13207.8038
48 24 -433309.693
49 24 537.530476
50 24 -38459.6613
51 24 -118.191325
52 24 -107340.679
53 24 -4337.57031
54 24 -22522.9116
1 25 -72752.2552
2 25 -8745.24133
3 25 -29677.3288
4 25 -2960.29228
5 25 47911.8644
6 25 -5360.84593
7 25 -59177.5355
8 25 -8004.90908
9 25 -23735.6782
10 25 -2798.13832
11 25 45138.7915
12 25 -5278.55693
13 25 -66595.1991
14 25 -7133.95967
15 25 -31034.2113
16 25 -2850.56133
17 25 53406.7296
18 25 -7632.14794
19 25 -222145.503
20 25 -19510.1446
21 25 -67255.0255
22 25 -4502.36118
23 25 217986.645
24 25 -15150.9551
25 25 5987093.54
26 25 325485.278
27 25 1272488.12
28 25 63248.7216
29 25 -4023194.5
30 25 406511.052
31 25 -233230.666
32 25 -23029.0105
33 25 -54476.1385
34 25 -3737.00379
35 25 296097.704
36 25 -18735.4252
37 25 -154922.294
38 25 -1484.46811
39 25 -40954.4697
40 25 4189.93401
41 25 252089.768
42 25 -6853.61405
43 25 -108140.662
44 25 -3318.85405
45 25 -22247.3507
46 25 259.882507
47 25 383143.287
48 25 916.206511
49 25 -84589.1854
50 25 -10720.2418
51 25 2047.58905
52 25 -2071.85005
53 25 124009.09
54 25 7481.24022
1 26 -9754.66674
2 26 -154007.413
3 26 1210.57175
4 26 -72507.0392
5 26 3795.59702
6 26 -53801.6156
7 26 -8786.01376
8 26 -127824.247
9 26 575.481049
10 26 -69078.1873
11 26 3640.96947
12 26 -55623.4667
13 26 -8160.02424
14 26 -153878.552
15 26 2419.29176
16 26 -84464.1943
17 26 3879.66462
18 26 -74551.1915
19 26 -19179.7044
20 26 -342477.858
21 26 16356.4372
22 26 -332022.041
23 26 5195.17734
24 26 -240706.893
25 26 325485.278
26 26 7196491.74
27 26 -568311.465
28 26 4870127.12
29 26 -62873.9635
30 26 2355902.04
31 26 -24644.0901
32 26 -313019.907
33 26 22993.6005
34 26 -438808.698
35 26 5137.92911
36 26 -266430.769
37 26 -6658.01558
38 26 -226817.197
39 26 9744.61288
40 26 -394863.062
41 26 4165.20723
42 26 -203597.623
43 26 -1306.22873
44 26 -167460.576
45 26 2205.52708
46 26 -650648.884
47 26 -8834.97169
48 26 -262608.925
49 26 -6066.11729
50 26 -114901.576
51 26 3435.16207
52 26 -178689.524
53 26 -3054.88791
54 26 -12726.0303
1 27 -12875.9116
2 27 2860.23767
3 27 -21793.8922
4 27 2397.51033
5 27 13664.0763
6 27 772.797371
7 27 -8391.38031
8 27 1978.34343
9 27 -18870.6223
10 27 2123.61897
11 27 14071.4162
12 27 745.149568
13 27 -14197.4738
14 27 3821.36977
15 27 -23008.8093
16 27 3667.53467
17 27 20342.0308
18 27 1191.18123
19 27 -53288.4322
20 27 17315.6049
21 27 -58034.5705
22 27 9002.55463
23 27 106653.707
24 27 347.292452
25 27 1272488.12
26 27 -568311.465
27 27 1718361.14
28 27 -286224.042
29 27 -1549353.14
30 27 -374.758088
31 27 -67749.8962
32 27 22006.95
33 27 -55397.794
34 27 10728.0419
35 27 170967.847
36 27 -739.962632
37 27 -70349.7017
38 27 10965.4228
39 27 -41075.7322
40 27 6400.30353
41 27 163473.794
42 27 230.585491
43 27 -61374.8929
44 27 327.91879
45 27 -23242.6497
46 27 -6166.64592
47 27 278431.875
48 27 -817.009795
49 27 -44865.5197
50 27 -1377.20898
51 27 -12399.9858
52 27 -5126.20426
53 27 71276.5225
54 27 2991.96208
1 28 -5081.66584
2 28 -86025.8075
3 28 1988.53089
4 28 -44946.4826
5 28 1377.78829
6 28 -35503.0099
7 28 -5093.26171
8 28 -84680.1006
9 28 1756.12217
10 28 -48525.5292
11 28 1400.88375
12 28 -42814.1115
13 28 -6194.19778
14 28 -106680.055
15 28 3327.82176
16 28 -63771.7646
17 28 1725.39488
18 28 -62463.4716
19 28 -5179.3407
20 28 -403944.214
21 28 8304.80209
22 28 -832305.535
23 28 1276.99742
24 28 -779200.859
25 28 63248.7216
26 28 4870127.12
27 28 -286224.042
28 28 6633806.55
29 28 -3127.14096
30 28 4184204.33
31 28 -5719.52377
32 28 -325439.853
33 28 12307.7665
34 28 -1502794.84
35 28 4457.82162
36 28 -1088295.04
37 28 -1206.15011
38 28 -249371.231
39 28 2923.73682
40 28 -684326.41
41 28 6855.23595
42 28 -374394.148
43 28 2153.04241
44 28 -189390.747
45 28 -1636.79084
46 28 -1427121.15
47 28 -13867.2209
48 28 -604090.202
49 28 -2875.86264
50 28 -100363.505
51 28 -2051.21924
52 28 -205865.038
53 28 -4291.7507
54 28 -18476.1398
1 29 46100.9342
2 29 3925.59954
3 29 23853.3985
4 29 581.393201
5 29 -36157.1829
6 29 3266.41295
7 29 42619.0263
8 29 3963.0926
9 29 24810.6084
10 29 515.701749
11 29 -39720.6821
12 29 3700.30725
13 29 50000.4193
14 29 4592.99782
15 29 33348.1636
16 29 469.711406
17 29 -51655.5804
18 29 5811.79264
19 29 236091.354
20 29 4060.49996
21 29 143290.114
22 29 -5001.01881
23 29 -729353.713
24 29 -14302.0009
25 29 -4023194.5
26 29 -62873.9635
27 29 -1549353.14
28 29 -3127.14096
29 29 6711037.64
30 29 -66625.6378
31 29 241217.72
32 29 4665.22228
33 29 109357.316
34 29 -301.393832
35 29 -1490023.11
36 29 -31745.4657
37 29 193094.423
38 29 -4219.16366
39 29 81908.1375
40 29 -11271.8966
41 29 -632275.7
42 29 -5481.84889
43 29 156706.537
44 29 756.486982
45 29 47242.5108
46 29 9059.51421
47 29 -1295785.13
48 29 575.175257
49 29 89697.494
50 29 6494.54227
51 29 3058.61051
52 29 2437.38781
53 29 -194053.105
54 29 -10788.457
1 30 -5202.26769
2 30 -42953.5806
3 30 -497.745874
4 30 -21224.841
5 30 2994.70153
6 30 -26341.4425
7 30 -5034.31262
8 30 -44088.0343
9 30 -494.290018
10 30 -24934.1786
11 30 3273.51878
12 30 -32057.8968
13 30 -7525.85674
14 30 -61351.8746
15 30 -728.294414
16 30 -36863.5563
17 30 5136.75525
18 30 -47086.1397
19 30 -14746.6164
20 30 -265713.428
21 30 -215.167755
22 30 -654348.309
23 30 -10677.3476
24 30 -657429.98
25 30 406511.052
26 30 2355902.04
27 30 -374.758088
28 30 4184204.33
29 30 -66625.6378
30 30 3745492.95
31 30 -21633.0942
32 30 -206176.79
33 30 739.563224
34 30 -1232428.75
35 30 -32699.5946
36 30 -934025.698
37 30 -10057.8351
38 30 -171694.781
39 30 -76.5332889
40 30 -512293.239
41 30 5608.96038
42 30 -297825.847
43 30 2317.43827
44 30 -133832.158
45 30 -354.319162
46 30 -1105759.12
47 30 -20537.1488
48 30 -483000.744
49 30 3560.4253
50 30 -49981.2826
51 30 -1556.44472
52 30 -135030.728
53 30 -10555.7086
54 30 -40121.0825
1 31 -53249.6363
2 31 -5603.5505
3 31 -26516.9622
4 31 -2033.03203
5 31 36203.0315
6 31 -2772.04619
7 31 -43473.3706
8 31 -4741.81584
9 31 -23126.0897
10 31 -1775.55397
11 31 35743.0471
12 31 -3277.03321
13 31 -38254.4966
14 31 -440.799531
15 31 -18204.8253
16 31 -781.392254
17 31 29397.7292
18 31 -3020.6273
19 31 -160208.412
20 31 -16152.2106
21 31 -57967.5417
22 31 -4334.69753
23 31 177115.602
24 31 -12764.4726
25 31 -233230.666
26 31 -24644.0901
27 31 -67749.8962
28 31 -5719.52377
29 31 241217.72
30 31 -21633.0942
31 31 6011651.52
32 31 200384.908
33 31 1335201.91
34 31 27496.1059
35 31 -4466519.76
36 31 244796.423
37 31 -143797.457
38 31 -9285.77596
39 31 -41081.7395
40 31 -245.332935
41 31 222072.965
42 31 -9118.0612
43 31 -194983.694
44 31 8918.15524
45 31 -48117.1062
46 31 6756.61537
47 31 396099.188
48 31 2104.81764
49 31 -266112.788
50 31 -39669.0249
51 31 92582.1727
52 31 -23420.9716
53 31 397211.911
54 31 16716.2282
1 32 -6299.56842
2 32 -123820.552
3 32 -491.363264
4 32 -56836.1338
5 32 2529.86969
6 32 -46847.3359
7 32 -5337.90652
8 32 -103725.612
9 32 -117.104445
10 32 -55583.8962
11 32 2306.01159
12 32 -50407.589
13 32 -748.160513
14 32 -85650.574
15 32 432.013451
16 32 -44378.1373
17 32 1073.66595
18 32 -38595.8274
19 32 -14527.2937
20 32 -247136.512
21 32 12696.9294
22 32 -246942.987
23 32 2956.2391
24 32 -189370.09
25 32 -23029.0105
26 32 -313019.907
27 32 22006.95
28 32 -325439.853
29 32 4665.22228
30 32 -206176.79
31 32 200384.908
32 32 7435498.56
33 32 -347236.72
34 32 5301205.28
35 32 -26535.0804
36 32 2317939.45
37 32 -13267.2567
38 32 -203412.146
39 32 9546.99967
40 32 -317164.872
41 32 5949.14429
42 32 -159042.523
43 32 13416.8351
44 32 -319325.418
45 32 -2442.8425
46 32 -617021.468
47 32 -17683.3769
48 32 -232788.965
49 32 -30700.7774
50 32 -388805.323
51 32 -8333.75373
52 32 -465441.425
53 32 5966.05072
54 32 155725.585
1 33 -10635.9353
2 33 694.345831
3 33 -19186.1331
4 33 1204.36366
5 33 11899.2008
6 33 533.715719
7 33 -8490.99564
8 33 838.104661
9 33 -16757.3108
10 33 1540.57652
11 33 13460.3899
12 33 648.896705
13 33 -6573.38093
14 33 785.181574
15 33 -12712.4669
16 33 1364.53748
17 33 9314.17925
18 33 618.382285
19 33 -38306.5794
20 33 13882.011
21 33 -44087.112
22 33 7112.04038
23 33 86557.6743
24 33 426.525987
25 33 -54476.1385
26 33 22993.6005
27 33 -55397.794
28 33 12307.7665
29 33 109357.316
30 33 739.563224
31 33 1335201.91
32 33 -347236.72
33 33 1871102.11
34 33 -165416.346
35 33 -1592543.24
36 33 -961.025437
37 33 -60146.6713
38 33 9809.69711
39 33 -35886.4422
40 33 5995.61873
41 33 125632.316
42 33 355.52402
43 33 -107406.744
44 33 -2647.01134
45 33 -47939.774
46 33 -10220.1456
47 33 249662.727
48 33 498.958364
49 33 -77368.1234
50 33 -27106.3039
51 33 -78710.1959
52 33 -17239.1343
53 33 82747.7575
54 33 9943.5601
1 34 -3606.15248
2 34 -73166.0927
3 34 973.965367
4 34 -38010.21
5 34 1023.29108
6 34 -34023.3066
7 34 -3678.87454
8 34 -75081.117
9 34 1388.8291
10 34 -43169.1023
11 34 1025.94779
12 34 -42583.2209
13 34 -2421.19436
14 34 -60029.8061
15 34 1376.08999
16 34 -35939.5137
17 34 744.510145
18 34 -36117.1213
19 34 -1002.0213
20 34 -477613.362
21 34 5742.83874
22 34 -1424331.48
23 34 -5594.59759
24 34 -1440748.75
25 34 -3737.00379
26 34 -438808.698
27 34 10728.0419
28 34 -1502794.84
29 34 -301.393832
30 34 -1232428.75
31 34 27496.1059
32 34 5301205.28
33 34 -165416.346
34 34 8331985.71
35 34 -8588.45397
36 34 4658052.8
37 34 -3787.94874
38 34 -237718.008
39 34 3312.42055
40 34 -601941.994
41 34 5454.61422
42 34 -321453.984
43 34 12334.5883
44 34 -303995.437
45 34 -6449.33221
46 34 -1249032.99
47 34 -18510.7477
48 34 -495989.011
49 34 -11921.3358
50 34 -396134.667
51 34 -4709.1628
52 34 -558379.521
53 34 8461.98564
54 34 173869.755
1 35 35172.4345
2 35 2835.36723
3 35 22276.8915
4 35 465.619742
5 35 -29953.8267
6 35 2401.41101
7 35 34081.4164
8 35 2941.06642
9 35 25040.442
10 35 405.389915
11 35 -35236.6701
12 35 3285.45058
13 35 28350.1422
14 35 1933.73968
15 35 18715.2799
16 35 317.629356
17 35 -29608.6558
18 35 3361.46719
19 35 271864.41
20 35 3116.3882
21 35 214439.589
22 35 4515.68151
23 35 -1484835.68
24 35 -29259.0336
25 35 296097.704
26 35 5137.92911
27 35 170967.847
28 35 4457.82162
29 35 -1490023.11
30 35 -32699.5946
31 35 -4466519.76
32 35 -26535.0804
33 35 -1592543.24
34 35 -8588.45397
35 35 8342318.63
36 35 5419.13559
37 35 187624.895
38 35 -567.455033
39 35 78269.4821
40 35 -8087.46621
41 35 -570295.627
42 35 -4242.68762
43 35 242943.865
44 35 -7157.30566
45 35 73466.7068
46 35 10301.1248
47 35 -1161622.02
48 35 198.696866
49 35 300929.859
50 35 17433.9717
51 35 -95411.1826
52 35 33021.952
53 35 -565716.257
54 35 16497.6984
1 36 -2637.6971
2 36 -37563.522
3 36 -312.207597
4 36 -18859.1925
5 36 2042.7841
6 36 -23712.5467
7 36 -3101.25364
8 36 -40466.4976
9 36 -485.672414
10 36 -23152.8525
11 36 2749.4205
12 36 -29231.7751
13 36 -3014.38288
14 36 -31360.8341
15 36 -465.668825
16 36 -18624.0267
17 36 2681.80813
18 36 -25662.6587
19 36 -7053.99346
20 36 -316669.527
21 36 1146.94258
22 36 -1051460.78
23 36 -40869.9546
24 36 -1095929.46
25 36 -18735.4252
26 36 -266430.769
27 36 -739.962632
28 36 -1088295.04
29 36 -31745.4657
30 36 -934025.698
31 36 244796.423
32 36 2317939.45
33 36 -961.025437
34 36 4658052.8
35 36 5419.13559
36 36 4114257.57
37 36 -11934.3849
38 36 -147111.075
39 36 -142.760863
40 36 -400093.52
41 36 6024.36565
42 36 -232012.402
43 36 7734.56203
44 36 -190151.805
45 36 -1508.28811
46 36 -857748.816
47 36 -21278.6775
48 36 -394896.886
49 36 16800.2515
50 36 -9993.05186
51 36 -1382.92747
52 36 -237117.278
53 36 -8917.8097
54 36 -278321.261
1 37 -23798.2309
2 37 -3419.1357
3 37 -16251.9416
4 37 -1089.13933
5 37 20961.915
6 37 -3642.03637
7 37 -24168.6747
8 37 -1750.56874
9 37 -12776.6453
10 37 -453.541904
11 37 19142.5793
12 37 -2184.97961
13 37 -37519.779
14 37 -7118.01548
15 37 -30103.7985
16 37 -2657.36306
17 37 41138.7722
18 37 -8322.25959
19 37 -102938.418
20 37 -7100.44304
21 37 -53955.7011
22 37 -1978.38266
23 37 132225.265
24 37 -7706.99051
25 37 -154922.294
26 37 -6658.01558
27 37 -70349.7017
28 37 -1206.15011
29 37 193094.423
30 37 -10057.8351
31 37 -143797.457
32 37 -13267.2567
33 37 -60146.6713
34 37 -3787.94874
35 37 187624.895
36 37 -11934.3849
37 37 4806883.88
38 37 164846.193
39 37 1017071.17
40 37 -3014.56998
41 37 -4757924.6
42 37 528025.355
43 37 -397412.725
44 37 16002.3042
45 37 -17645.943
46 37 293.339173
47 37 1035855.76
48 37 -136876.525
49 37 -230532.875
50 37 -17041.7372
51 37 -13047.1098
52 37 -25655.7305
53 37 399166.872
54 37 -41018.6411
1 38 -2814.76231
2 38 -54633.0273
3 38 2009.23534
4 38 -29521.007
5 38 943.779485
6 38 -27309.3456
7 38 -1120.49171
8 38 -43369.4437
9 38 1441.6293
10 38 -23406.9801
11 38 199.361474
12 38 -16382.7251
13 38 -5564.54828
14 38 -97778.3487
15 38 3180.83874
16 38 -58089.0053
17 38 2166.3748
18 38 -61518.5928
19 38 -3430.40431
20 38 -170222.454
21 38 7639.32397
22 38 -176780.306
23 38 -1552.54506
24 38 -136569.522
25 38 -1484.46811
26 38 -226817.197
27 38 10965.4228
28 38 -249371.231
29 38 -4219.16366
30 38 -171694.781
31 38 -9285.77596
32 38 -203412.146
33 38 9809.69711
34 38 -237718.008
35 38 -567.455033
36 38 -147111.075
37 38 164846.193
38 38 5380657.55
39 38 -443599.914
40 38 5470149.24
41 38 1375.11656
42 38 1931992.44
43 38 29675.3062
44 38 -546463.851
45 38 15036.1327
46 38 -1298188.65
47 38 -56179.1116
48 38 -105315.803
49 38 -307.40124
50 38 -280130.079
51 38 20829.3912
52 38 -504211.525
53 38 -9334.54547
54 38 -91411.5384
1 39 -5075.43709
2 39 2734.35107
3 39 -7361.53851
4 39 2046.05208
5 39 6264.86032
6 39 1007.87639
7 39 -1712.00171
8 39 1653.25087
9 39 -4526.66327
10 39 1222.83505
11 39 2190.97545
12 39 621.611115
13 39 -10509.0549
14 39 4647.01197
15 39 -14889.7032
16 39 4112.86855
17 39 15878.0409
18 39 2174.70758
19 39 -27106.1189
20 39 7495.76547
21 39 -29288.9796
22 39 3003.79892
23 39 56537.4397
24 39 456.241633
25 39 -40954.4697
26 39 9744.61288
27 39 -41075.7322
28 39 2923.73682
29 39 81908.1375
30 39 -76.5332889
31 39 -41081.7395
32 39 9546.99967
33 39 -35886.4422
34 39 3312.42055
35 39 78269.4821
36 39 -142.760863
37 39 1017071.17
38 39 -443599.914
39 39 1302277.43
40 39 -315528.161
41 39 -1511485.8
42 39 1639.45342
43 39 -102657.169
44 39 6893.24612
45 39 -91154.0753
46 39 21626.3219
47 39 322672.447
48 39 -13424.1789
49 39 -92334.9895
50 39 8940.31462
51 39 -34362.6745
52 39 5111.25749
53 39 177967.619
54 39 -9752.10285
1 40 -2577.95416
2 40 -46269.3558
3 40 2187.11738
4 40 -28018.9829
5 40 551.011975
6 40 -27480.6217
7 40 -1060.20957
8 40 -31848.9078
9 40 1385.02711
10 40 -18499.4209
11 40 107.061126
12 40 -12839.2207
13 40 -6123.85967
14 40 -99748.534
15 40 4668.65377
16 40 -64505.7048
17 40 1026.91859
18 40 -72880.0759
19 40 1382.15434
20 40 -336449.391
21 40 5527.61541
22 40 -532414.166
23 40 -7904.61342
24 40 -457847.343
25 40 4189.93401
26 40 -394863.062
27 40 6400.30353
28 40 -684326.41
29 40 -11271.8966
30 40 -512293.239
31 40 -245.332935
32 40 -317164.872
33 40 5995.61873
34 40 -601941.994
35 40 -8087.46621
36 40 -400093.52
37 40 -3014.56998
38 40 5470149.24
39 40 -315528.161
40 40 10482129.1
41 40 886.305079
42 40 4240364.38
43 40 77074.4715
44 40 -907876.329
45 40 39233.4898
46 40 -4338000.89
47 40 -83133.9017
48 40 -1064054.14
49 40 8866.64688
50 40 -342597.384
51 40 17127.546
52 40 -825490.294
53 40 -29847.9443
54 40 -144202.707
1 41 21217.2874
2 41 2670.74669
3 41 16556.4781
4 41 562.359992
5 41 -22631.0998
6 41 3172.0821
7 41 19498.859
8 41 1345.9988
9 41 10735.2371
10 41 269.185169
11 41 -16549.5193
12 41 1694.12447
13 41 41127.2393
14 41 6873.3046
15 41 39043.8943
16 41 1442.1567
17 41 -55393.5922
18 41 8839.64601
19 41 188434.357
20 41 4499.02161
21 41 141994.496
22 41 4351.46414
23 41 -479778.721
24 41 4815.40432
25 41 252089.768
26 41 4165.20723
27 41 163473.794
28 41 6855.23595
29 41 -632275.7
30 41 5608.96038
31 41 222072.965
32 41 5949.14429
33 41 125632.316
34 41 5454.61422
35 41 -570295.627
36 41 6024.36565
37 41 -4757924.6
38 41 1375.11656
39 41 -1511485.8
40 41 886.305079
41 41 10510698.4
42 41 -327321.07
43 41 699781.129
44 41 -47939.4657
45 41 28899.6786
46 41 108571.129
47 41 -4373602.86
48 41 248058.323
49 41 323713.76
50 41 17532.7646
51 41 36464.6967
52 41 31661.1139
53 41 -809173.912
54 41 39699.2703
1 42 -3399.33595
2 42 -20113.2145
3 42 -896.451613
4 42 -11536.2141
5 42 2489.87551
6 42 -14356.378
7 42 -1991.0125
8 42 -8578.02389
9 42 -604.970124
10 42 -3509.18013
11 42 1382.05808
12 42 -5541.91606
13 42 -7507.66437
14 42 -48908.8068
15 42 -2085.91824
16 42 -30818.5398
17 42 6427.93058
18 42 -40192.3437
19 42 -5385.10856
20 42 -176123.112
21 42 10.0634394
22 42 -295428.063
23 42 -2819.25317
24 42 -267106.204
25 42 -6853.61405
26 42 -203597.623
27 42 230.585491
28 42 -374394.148
29 42 -5481.84889
30 42 -297825.847
31 42 -9118.0612
32 42 -159042.523
33 42 355.52402
34 42 -321453.984
35 42 -4242.68762
36 42 -232012.402
37 42 528025.355
38 42 1931992.44
39 42 1639.45342
40 42 4240364.38
41 42 -327321.07
42 42 3660053.27
43 42 -86774.7466
44 42 -104618.716
45 42 16098.0787
46 42 -1991540.3
47 42 55766.8924
48 42 -1561090.71
49 42 -26285.2994
50 42 -168226.018
51 42 8135.58225
52 42 -420233.449
53 42 5201.63247
54 42 -135578.207
1 43 -52481.9834
2 43 -8741.65461
3 43 -38433.4038
4 43 -847.98681
5 43 50586.289
6 43 -10005.6768
7 43 -16063.8349
8 43 -1399.68585
9 43 -11191.2363
10 43 -426.231096
11 43 13992.7052
12 43 -996.590417
13 43 -11516.0785
14 43 -1807.73974
15 43 -9250.6487
16 43 -450.769965
17 43 9761.21956
18 43 -1448.87451
19 43 -64507.4874
20 43 -5520.60254
21 43 -41558.7766
22 43 -625.643384
23 43 97561.5289
24 43 -1963.48808
25 43 -108140.662
26 43 -1306.22873
27 43 -61374.8929
28 43 2153.04241
29 43 156706.537
30 43 2317.43827
31 43 -194983.694
32 43 13416.8351
33 43 -107406.744
34 43 12334.5883
35 43 242943.865
36 43 7734.56203
37 43 -397412.725
38 43 29675.3062
39 43 -102657.169
40 43 77074.4715
41 43 699781.129
42 43 -86774.7466
43 43 6041709.29
44 43 492356.846
45 43 854871.057
46 43 -228240.888
47 43 -8734866.74
48 43 1834544.47
49 43 -1117912.44
50 43 135718.524
51 43 23932.3746
52 43 -143505.521
53 43 3040127.27
54 43 -1812240.4
1 44 -7907.23806
2 44 -205399.674
3 44 661.432888
4 44 -127141.585
5 44 1150.43444
6 44 7455.82168
7 44 -1712.68971
8 44 -31630.2555
9 44 -346.372989
10 44 -16916.0089
11 44 884.28781
