# name: debug
# type: sparse matrix
# nnz: 576
# rows: 24
# columns: 24

1 1 3.08817133e+12
2 1 -2308048.04
3 1 -300562.381
4 1 -2157179.77
5 1 -759843.604
6 1 -3648614.18
7 1 -0.0404997772
8 1 0.18540312
9 1 0.0275616173
10 1 2.95240809
11 1 0.327674858
12 1 1.01693149
13 1 -0.52068809
14 1 0.918368626
15 1 -0.0735280095
16 1 -5.67405329
17 1 -1.11439263
18 1 11.3785761
19 1 -0.0268901533
20 1 0.105880294
21 1 0.0800681672
22 1 0.274643116
23 1 -0.00344958793
24 1 0.0244290481
1 2 -2308048.04
2 2 3.08819136e+12
3 2 667960.479
4 2 11263106.1
5 2 3.89529355e-06
6 2 11611693
7 2 0.0832781815
8 2 -4.50727052
9 2 -0.308738719
10 2 -60.6583588
11 2 0.0231711699
12 2 -19.3833553
13 2 0.913275705
14 2 -2.32533436
15 2 -0.00558364396
16 2 8.11536423
17 2 2.24595929
18 2 -19.017766
19 2 0.0458040165
20 2 -0.638963061
21 2 -0.240191642
22 2 -1.56444294
23 2 0.0218308106
24 2 -0.0491752695
1 3 -300562.381
2 3 667960.479
3 3 3.08817122e+12
4 3 3007885.05
5 3 -766117.081
6 3 2157179.77
7 3 -0.00715278157
8 3 -0.307160502
9 3 -0.073998474
10 3 -4.38909646
11 3 0.217358257
12 3 -1.4227814
13 3 0.112391109
14 3 -0.297951633
15 3 -0.179640058
16 3 0.239121937
17 3 0.724865273
18 3 -2.27321465
19 3 0.0215534163
20 3 -0.170058064
21 3 -0.118631382
22 3 -0.397512298
23 3 0.0107193774
24 3 -0.0267901707
1 4 -2157179.77
2 4 11263106.1
3 4 3007885.05
4 4 3.08821378e+12
5 4 -1501901.92
6 4 34943487.9
7 4 0.671639311
8 4 -29.3748481
9 4 -2.12459746
10 4 -470.39132
11 4 0.356328924
12 4 -154.793209
13 4 3.19112199
14 4 -5.99249191
15 4 0.343082024
16 4 30.3803632
17 4 10.4470644
18 4 -71.3915733
19 4 0.0494860028
20 4 -0.908816585
21 4 -0.338322677
22 4 -3.34555224
23 4 0.117073743
24 4 0.157037254
1 5 -759843.604
2 5 3.89529355e-06
3 5 -766117.081
4 5 -1501901.92
5 5 3.08817516e+12
6 5 817734.365
7 5 0.205285764
8 5 -0.0129030655
9 5 0.0630911362
10 5 -0.127704082
11 5 -3.66084077
12 5 -0.328701957
13 5 0.751179138
14 5 -1.43127521
15 5 0.60209882
16 5 13.2887606
17 5 -1.74990952
18 5 -20.4193658
19 5 0.00795702557
20 5 -0.0198084365
21 5 0.00772527588
22 5 0.22966052
23 5 -0.043688385
24 5 -0.155164578
1 6 -3648614.18
2 6 11611693
3 6 2157179.77
4 6 34943487.9
5 6 817734.365
6 6 3.08823344e+12
7 6 0.488817158
8 6 -18.9064011
9 6 -1.41383127
10 6 -314.610597
11 6 -0.140550237
12 6 -104.686099
13 6 8.07774382
14 6 -12.7255558
15 6 2.54476401
16 6 94.9202293
17 6 21.4945756
18 6 -196.296632
19 6 0.0437323301
20 6 -0.374790401
21 6 -0.247266649
22 6 -2.82363577
23 6 0.225085759
24 6 0.559282437
1 7 -0.0404997772
2 7 0.0832781815
3 7 -0.00715278157
4 7 0.671639311
5 7 0.205285764
6 7 0.488817158
7 7 3.08817374e+12
8 7 -4711551.45
9 7 -828008.467
10 7 -14967159
11 7 -2961285.1
12 7 -30946038.2
13 7 -21.573607
14 7 19.5537193
15 7 -8.73321557
16 7 -169.234443
17 7 -11.5482907
18 7 390.184237
19 7 -5.37618654
20 7 5.94874472
21 7 -2.76438377
22 7 23334.516
23 7 44153.7073
24 7 9169.02068
1 8 0.18540312
2 8 -4.50727052
3 8 -0.307160502
4 8 -29.3748481
5 8 -0.0129030655
6 8 -18.9064011
7 8 -4711551.45
8 8 3.0881989e+12
9 8 3941837.21
10 8 48010521.7
11 8 0.000319794845
12 8 40600458.6
13 8 20.5685052
14 8 -20.6954171
15 8 7.89404307
16 8 153.280912
17 8 12.390975
18 8 -380.178091
19 8 5.74546133
20 8 -8.94304353
21 8 2.00857087
22 8 -583567.362
23 8 18.5182351
24 8 -78694.1639
1 9 0.0275616173
2 9 -0.308738719
3 9 -0.073998474
4 9 -2.12459746
5 9 0.0630911362
6 9 -1.41383127
7 9 -828008.467
8 9 3941837.21
9 9 3.08817339e+12
10 9 16085559
11 9 -1893074.4
12 9 14967159
13 9 9.18010065
14 9 -8.36100383
15 9 3.36521145
16 9 74.5373304
17 9 7.61446145
18 9 -176.83053
19 9 2.49290476
20 9 -3.10184335
21 9 0.777748249
22 9 -104083.557
23 9 10265.28
24 9 -12681.71
1 10 2.95240809
2 10 -60.6583588
3 10 -4.38909646
4 10 -470.39132
5 10 -0.127704082
6 10 -314.610597
7 10 -14967159
8 10 48010521.7
9 10 16085559
10 10 3.08843679e+12
11 10 -8500014.01
12 10 236952089
13 10 155.516367
14 10 -144.278752
15 10 61.2163898
16 10 1300.35848
17 10 125.306259
18 10 -3088.16586
19 10 36.3992202
20 10 -41.2384105
21 10 16.967556
22 10 -7991553.79
23 10 25737.4768
24 10 -1073577.03
1 11 0.327674858
2 11 0.0231711699
3 11 0.217358257
4 11 0.356328924
5 11 -3.66084077
6 11 -0.140550237
7 11 -2961285.1
8 11 0.000319794845
9 11 -1893074.4
10 11 -8500014.01
11 11 3.08818997e+12
12 11 5388345.81
13 11 11.0622173
14 11 -10.3766962
15 11 6.06918154
16 11 121.233034
17 11 -5.69056774
18 11 -228.969992
19 11 4.08321537
20 11 -4.58195967
21 11 3.13210796
22 11 10665.8897
23 11 -616704.978
24 11 -81522.0244
1 12 1.01693149
2 12 -19.3833553
3 12 -1.4227814
4 12 -154.793209
5 12 -0.328701957
6 12 -104.686099
7 12 -30946038.2
8 12 40600458.6
9 12 14967159
10 12 236952089
11 12 5388345.81
12 12 3.08858908e+12
13 12 321.397629
14 12 -291.239016
15 12 130.104221
16 12 2614.27775
17 12 193.896441
18 12 -6022.00417
19 12 69.4374328
20 12 -74.5047789
21 12 37.1533638
22 12 -1854096.46
23 12 -109709.413
24 12 -265683.564
1 13 -0.52068809
2 13 0.913275705
3 13 0.112391109
4 13 3.19112199
5 13 0.751179138
6 13 8.07774382
7 13 -21.573607
8 13 20.5685052
9 13 9.18010065
10 13 155.516367
11 13 11.0622173
12 13 321.397629
13 13 3.0881754e+12
14 13 -7295420.34
15 13 -40604.653
16 13 -11286623.4
17 13 -6225145.56
18 13 -65980071.6
19 13 -38.2776341
20 13 63.4335987
21 13 -9.07771187
22 13 22837.9336
23 13 147764.092
24 13 24694.2412
1 14 0.918368626
2 14 -2.32533436
3 14 -0.297951633
4 14 -5.99249191
5 14 -1.43127521
6 14 -12.7255558
7 14 19.5537193
8 14 -20.6954171
9 14 -8.36100383
10 14 -144.278752
11 14 -10.3766962
12 14 -291.239016
13 14 -7295420.34
14 14 3.08820207e+12
15 14 5052227.91
16 14 89582928.3
17 14 0.00233335218
18 14 107965469
19 14 64.0330643
20 14 -129.21675
21 14 7.79625713
22 14 -1893890.85
23 14 1222.92837
24 14 -257814.522
1 15 -0.0735280095
2 15 -0.00558364396
3 15 -0.179640058
4 15 0.343082024
5 15 0.60209882
6 15 2.54476401
7 15 -8.73321557
8 15 7.89404307
9 15 3.36521145
10 15 61.2163898
11 15 6.06918154
12 15 130.104221
13 15 -40604.653
14 15 5052227.91
15 15 3.08817484e+12
16 15 34145772.9
17 15 -5876062.4
18 15 11286623.4
19 15 11.8938743
20 15 -24.6163405
21 15 -2.64831608
22 15 -211001.086
23 15 18367.6044
24 15 -26598.5816
1 16 -5.67405329
2 16 8.11536423
3 16 0.239121937
4 16 30.3803632
5 16 13.2887606
6 16 94.9202293
7 16 -169.234443
8 16 153.280912
9 16 74.5373304
10 16 1300.35848
11 16 121.233034
12 16 2614.27775
13 16 -11286623.4
14 16 89582928.3
15 16 34145772.9
16 16 3.08907574e+12
17 16 -56221532.5
18 16 469207439
19 16 619.740297
20 16 -1193.35508
21 16 104.138581
22 16 -85802450.1
23 16 145301.114
24 16 -11567741.9
1 17 -1.11439263
2 17 2.24595929
3 17 0.724865273
4 17 10.4470644
5 17 -1.74990952
6 17 21.4945756
7 17 -11.5482907
8 17 12.390975
9 17 7.61446145
10 17 125.306259
11 17 -5.69056774
12 17 193.896441
13 17 -6225145.56
14 17 0.00233335218
15 17 -5876062.4
16 17 -56221532.5
17 17 3.08829154e+12
18 17 17333602.6
19 17 32.9350249
20 17 -59.7080772
21 17 22.9520506
22 17 117151.067
23 17 -6712295.85
24 17 -888206.798
1 18 11.3785761
2 18 -19.017766
3 18 -2.27321465
4 18 -71.3915733
5 18 -20.4193658
6 18 -196.296632
7 18 390.184237
8 18 -380.178091
9 18 -176.83053
10 18 -3088.16586
11 18 -228.969992
12 18 -6022.00417
13 18 -65980071.6
14 18 107965469
15 18 11286623.4
16 18 469207439
17 18 17333602.6
18 18 3.09039488e+12
19 18 1474.89955
20 18 -2517.98186
21 18 446.546119
22 18 -10531843.9
23 18 -738589.829
24 18 -1603587.8
1 19 -0.0268901533
2 19 0.0458040165
3 19 0.0215534163
4 19 0.0494860028
5 19 0.00795702557
6 19 0.0437323301
7 19 -5.37618654
8 19 5.74546133
9 19 2.49290476
10 19 36.3992202
11 19 4.08321537
12 19 69.4374328
13 19 -38.2776341
14 19 64.0330643
15 19 11.8938743
16 19 619.740297
17 19 32.9350249
18 19 1474.89955
19 19 3.0881747e+12
20 19 -7171021.86
21 19 -728641.418
22 19 4335985.54
23 19 -3904622.63
24 19 -49614943.2
1 20 0.105880294
2 20 -0.638963061
3 20 -0.170058064
4 20 -0.908816585
5 20 -0.0198084365
6 20 -0.374790401
7 20 5.94874472
8 20 -8.94304353
