image: easy_loop.pgm
resolution: 0.100000
origin: [-7.500000, -2.800000, 0.0]
negate: 0
occupied_thresh: 0.65
free_thresh: 0.196

